5.000000000000000278e-02
6.161616161616161741e-02
7.323232323232323204e-02
8.484848484848485362e-02
9.646464646464646131e-02
1.080808080808080829e-01
1.196969696969696906e-01
1.313131313131313260e-01
1.429292929292929060e-01
1.545454545454545414e-01
1.661616161616161491e-01
1.777777777777777846e-01
1.893939393939393923e-01
2.010101010101009722e-01
2.126262626262626076e-01
2.242424242424242709e-01
2.358585858585858508e-01
2.474747474747474585e-01
2.590909090909090384e-01
2.707070707070706739e-01
2.823232323232323093e-01
2.939393939393938893e-01
3.055555555555555247e-01
3.171717171717171047e-01
3.287878787878787401e-01
3.404040404040403756e-01
3.520202020202019555e-01
3.636363636363635354e-01
3.752525252525252264e-01
3.868686868686868063e-01
3.984848484848484418e-01
4.101010101010100217e-01
4.217171717171716572e-01
4.333333333333332926e-01
4.449494949494948726e-01
4.565656565656565080e-01
4.681818181818180880e-01
4.797979797979797789e-01
4.914141414141413589e-01
5.030303030303029388e-01
5.146464646464645742e-01
5.262626262626262097e-01
5.378787878787878451e-01
5.494949494949494806e-01
5.611111111111111160e-01
5.727272727272727515e-01
5.843434343434342759e-01
5.959595959595959114e-01
6.075757575757575468e-01
6.191919191919191823e-01
6.308080808080808177e-01
6.424242424242423422e-01
6.540404040404039776e-01
6.656565656565656131e-01
6.772727272727272485e-01
6.888888888888888840e-01
7.005050505050505194e-01
7.121212121212120438e-01
7.237373737373736793e-01
7.353535353535353147e-01
7.469696969696969502e-01
7.585858585858586967e-01
7.702020202020199990e-01
7.818181818181817455e-01
7.934343434343434920e-01
8.050505050505050164e-01
8.166666666666666519e-01
8.282828282828281763e-01
8.398989898989898117e-01
8.515151515151514472e-01
8.631313131313129716e-01
8.747474747474747181e-01
8.863636363636362425e-01
8.979797979797977669e-01
9.095959595959595134e-01
9.212121212121211489e-01
9.328282828282827843e-01
9.444444444444444198e-01
9.560606060606059442e-01
9.676767676767675797e-01
9.792929292929292151e-01
9.909090909090909616e-01
1.002525252525252375e+00
1.014141414141414010e+00
1.025757575757575646e+00
1.037373737373737281e+00
1.048989898989898917e+00
1.060606060606060552e+00
1.072222222222222188e+00
1.083838383838383823e+00
1.095454545454545459e+00
1.107070707070706872e+00
1.118686868686868507e+00
1.130303030303030143e+00
1.141919191919191778e+00
1.153535353535353414e+00
1.165151515151515049e+00
1.176767676767676685e+00
1.188383838383838320e+00
1.199999999999999956e+00
