1.317249110012601032e-01
1.311288706799874082e-01
1.343172084564796254e-01
1.413865352173469814e-01
1.457289639408365367e-01
1.509907632668008315e-01
1.572654977739429971e-01
1.643196230039087880e-01
1.715091478902157907e-01
1.788247039613624356e-01
1.862561356357168019e-01
1.935890543615324255e-01
2.007890663362148775e-01
2.078214068717749441e-01
2.146512183652135586e-01
2.214744201996471373e-01
2.280391846049408811e-01
2.345545898793677531e-01
2.410057540016337096e-01
2.471213842171075814e-01
2.531300262544609603e-01
2.592847656408860391e-01
2.650407000355985421e-01
2.706449644509980046e-01
2.763677305894667313e-01
2.819207143571067498e-01
2.872892508631350594e-01
2.927600188929528890e-01
2.980281940401268703e-01
3.030795193628409434e-01
3.082164603689908078e-01
3.131188258238080113e-01
3.180991663063827413e-01
3.228274470972003485e-01
3.276260098679942279e-01
3.324958993022186227e-01
3.370926168040926374e-01
3.417528833958543011e-01
3.464775776363500093e-01
3.509082371969171055e-01
3.553955548081308979e-01
3.595724059888089630e-01
3.641705185973615477e-01
3.684504991429616294e-01
3.724001982149382495e-01
3.767768995736217041e-01
3.808158556180556986e-01
3.848981082816489985e-01
3.890241216935503288e-01
3.931943649582591016e-01
3.970039992949275787e-01
4.008505449280757582e-01
4.047343594888271334e-01
4.086558040733695996e-01
4.126152432765281541e-01
4.161885795657288556e-01
4.202210033351060914e-01
4.238602071337290167e-01
4.275309272158855922e-01
4.312334365193344898e-01
4.349680103455334512e-01
4.387349263801101906e-01
4.420840479555308011e-01
4.454587353445043640e-01
4.493165033021490617e-01
4.527464002739211568e-01
4.562024796653251224e-01
4.596849413421595920e-01
4.631939866959166041e-01
4.662552585957879248e-01
4.698144590430839984e-01
4.734008289594434093e-01
4.765295583831712922e-01
4.796789657339498025e-01
4.828491876732183830e-01
4.865350593348460317e-01
4.897505935348221429e-01
4.929873793588956943e-01
4.957414987966549114e-01
4.990178788090374185e-01
5.023159125784921741e-01
5.056357432157674303e-01
5.084605239041236624e-01
5.118209645806632846e-01
5.146802995783206214e-01
5.180818470590110580e-01
5.209761590537541620e-01
5.238866403892500356e-01
5.268133813970111712e-01
5.297564729131956085e-01
5.327160062814256802e-01
5.356920733556236325e-01
5.386847665028617893e-01
5.416941786062295927e-01
5.447204030677169628e-01
5.477635338111120911e-01
5.502647371618476502e-01
5.533388418387295005e-01
5.558655032169884658e-01
5.589708970897090401e-01
