1.317230988626988952e-01
1.311270667411482127e-01
1.343153606557027646e-01
1.413845901638976499e-01
1.452732166707407235e-01
1.502041613619146954e-01
1.557905916692462756e-01
1.620942572281175165e-01
1.688304204690545263e-01
1.756617091585538359e-01
1.825775244797567531e-01
1.893679929124768846e-01
1.962054557648897080e-01
2.028651709736196407e-01
2.093137251317180314e-01
2.157424132018749274e-01
2.221372741236153636e-01
2.282469137336577136e-01
2.342814355586533281e-01
2.402264331466253955e-01
2.460674276411372596e-01
2.515299466853132548e-01
2.571137297041405367e-01
2.625503789655483367e-01
2.681019857409931428e-01
2.732073761025046177e-01
2.784099869701282537e-01
2.834199353217757844e-01
2.885200369856638081e-01
2.934102071040649018e-01
2.983832614617609180e-01
3.031292240606909272e-01
3.079506740072694426e-01
3.125281058607859985e-01
3.171735774496957094e-01
3.215584656172030265e-01
3.260039743584546845e-01
3.305109417458987897e-01
3.347374243769205004e-01
3.390179541004105790e-01
3.433532220556587689e-01
3.473885435207993977e-01
3.518308522614745915e-01
3.559658086242819541e-01
3.597816748729342762e-01
3.640100747309197304e-01
3.679121735412052563e-01
3.718561018946331953e-01
3.754589912041681465e-01
3.794838195937993985e-01
3.831606133583492224e-01
3.872680012503988412e-01
3.906218250004023229e-01
3.944065341666479485e-01
3.982279131310366704e-01
4.016766520628898274e-01
4.055684707213267903e-01
4.090807804524845270e-01
4.126235075374016237e-01
4.161969153968697044e-01
4.193739910869221377e-01
4.230058595782505426e-01
4.262349119414432508e-01
4.299261974753222915e-01
4.332080768453628883e-01
4.365150087296786885e-01
4.398471843688365190e-01
4.432047964632551129e-01
4.465880391843486397e-01
4.495395615582157278e-01
4.529711612647669972e-01
4.559648700072387872e-01
4.594455178698894637e-01
4.624820159544388298e-01
4.655385824045698007e-01
4.686153498531002159e-01
4.717124518094246710e-01
4.748300226653080491e-01
4.779681977007167459e-01
4.811271130896894177e-01
4.843069059062455883e-01
4.870125310789062412e-01
4.902312209131847176e-01
4.929699428177276022e-01
4.962280054799698137e-01
4.990002289742713204e-01
5.017879397506638250e-01
5.045912243302764777e-01
5.079260926151232258e-01
5.107636685515206665e-01
5.136170968674508286e-01
5.164864661236936438e-01
5.188448518137561694e-01
5.217434264048943504e-01
5.246581941501731183e-01
5.275892455141406590e-01
5.299983288269906057e-01
5.329592133455770542e-01
5.359366391184573475e-01
5.383838383838384090e-01
