1.317362503071883573e-01
1.311401586768390637e-01
1.343287709157482690e-01
1.413987062271034323e-01
1.440913218371923932e-01
1.475948356118162996e-01
1.514970318877119082e-01
1.559875835349295858e-01
1.607784567408435950e-01
1.658891841307297277e-01
1.711623682015867010e-01
1.764193071520779033e-01
1.818377033634119011e-01
1.870330663166522578e-01
1.923768682114137263e-01
1.976679808295792318e-01
2.028940394207189857e-01
2.080425676090230935e-01
2.128807668557445298e-01
2.178314823640176423e-01
2.226671838310557150e-01
2.276102343755757873e-01
2.321835466582380658e-01
2.368487492958843144e-01
2.413589931064595573e-01
2.459551242155377793e-01
2.503810519006502977e-01
2.546247985430342142e-01
2.589404730946111011e-01
2.630590747703078214e-01
2.672431852463876822e-01
2.712155339763442363e-01
2.752469283819383161e-01
2.793382461282613582e-01
2.832000651991589679e-01
2.871152734738017798e-01
2.907868242854871887e-01
2.948069186304478895e-01
2.985768280758500093e-01
3.020859067911002005e-01
3.056362265949812973e-01
3.092282721809212487e-01
3.128625339387962057e-01
3.165395080218786350e-01
3.199327339884225352e-01
3.233623345059094545e-01
3.268286995006129403e-01
3.303322230787205660e-01
3.335327902579636739e-01
3.367643675220642896e-01
3.400272553256946662e-01
3.433217570346126513e-01
3.466481789538669589e-01
3.500068303562756666e-01
3.530379643940019241e-01
3.560953487010309892e-01
3.591792106103114390e-01
3.622897794235439006e-01
3.654272864282307465e-01
3.685919649148736155e-01
3.714056440363611711e-01
3.746220963790092284e-01
3.774818070383909596e-01
3.803633475501344008e-01
3.832668845543338865e-01
3.861925859631455960e-01
3.891406209704978969e-01
3.917124705244462435e-01
3.947026420551671966e-01
3.977156393227638254e-01
4.003441615958680533e-01
4.029900559022972506e-01
4.060663158710170473e-01
4.087500281772311617e-01
4.114514772704208623e-01
4.141707803738857163e-01
4.169080554856602894e-01
4.192371507677030706e-01
4.220079097712516880e-01
4.247969808576910200e-01
4.271701483485160766e-01
4.299933369242815995e-01
4.323955343372664073e-01
4.352532577467145281e-01
4.376848401922268650e-01
4.401300068972113233e-01
4.425888337513856907e-01
4.450613970684325627e-01
4.475477735883678920e-01
4.500480404799230283e-01
4.525622753429393574e-01
4.550905562107769309e-01
4.576329615527365835e-01
4.601895702764948748e-01
4.622908925152003357e-01
4.648735231996427575e-01
4.674705819884675262e-01
4.696051508559948018e-01
4.722286433188774279e-01
4.743849384938494396e-01
