1.316161411341754128e-01
1.311524707829226644e-01
1.343413823849906319e-01
1.414119814578848888e-01
1.460593235715243188e-01
1.519692383981177952e-01
1.587858005426243946e-01
1.662590613825469521e-01
1.740840515798217636e-01
1.818925710438243359e-01
1.896510219414282161e-01
1.975323637264743970e-01
2.050939067532351057e-01
2.124991812513896405e-01
2.197119471946482883e-01
2.269325276188855767e-01
2.339023449689710821e-01
2.405852691109416630e-01
2.472023003838424993e-01
2.537379755106314860e-01
2.601766916162870924e-01
2.662273123515496165e-01
2.724186451969344835e-01
2.784661422250543361e-01
2.843542865423452914e-01
2.900677420679256824e-01
2.955914201206860104e-01
3.012202840138745730e-01
3.066407004357181165e-01
3.121586564846898781e-01
3.174494811708711284e-01
3.228299808517333669e-01
3.279647830099702843e-01
3.328397080265202979e-01
3.377870947680729485e-01
3.428080203181878005e-01
3.475473017050752511e-01
3.523521031111361834e-01
3.572233303430873974e-01
3.617914036211319906e-01
3.664178921584866355e-01
3.711035429533522390e-01
3.758491125563362401e-01
3.802663479108563394e-01
3.847354976308101637e-01
3.888597678963778281e-01
3.934299133545365867e-01
3.976473856263310069e-01
4.019100681675015219e-01
4.058041483792213522e-01
4.101542694185085769e-01
4.141282271538229698e-01
4.181406883042170231e-01
4.221920259267464282e-01
4.262826166929923333e-01
4.304128409240819964e-01
4.341403082168529548e-01
4.379000561739015973e-01
4.421428410118946051e-01
4.459718926151560181e-01
4.493762582076381018e-01
4.532679527514638096e-01
4.571933502026991336e-01
4.606833757767655468e-01
4.642000427674278229e-01
4.682201144572120111e-01
4.717943138042136608e-01
4.753957971156961837e-01
4.790247726661976957e-01
4.821906710112208172e-01
4.858715158281003976e-01
4.895804586970171624e-01
4.928161200915577300e-01
4.960731661318171781e-01
4.998599841938920485e-01
5.031635834793626305e-01
5.064890164154234320e-01
5.098364273017480519e-01
5.132059613916934993e-01
5.165977648986034287e-01
5.194837859315565298e-01
5.229170798904331230e-01
5.263730646583922868e-01
5.293136963045285137e-01
5.328119566258091577e-01
5.357885597354505869e-01
5.387817919127435573e-01
5.423426273448053170e-01
5.453724744249439649e-01
5.484192480250833501e-01
5.514830427067876073e-01
5.545639535598981817e-01
5.576620762054842473e-01
5.607775067988108875e-01
5.639103420323238192e-01
5.664852751009645804e-01
5.696499973082326251e-01
5.728323995278316039e-01
5.754480725850362743e-01
5.786628662866286632e-01
