1.316707495169902320e-01
1.310749542703070203e-01
1.344010406293153215e-01
1.414747796098055899e-01
1.447648907635220028e-01
1.487464886931881558e-01
1.536348709507107946e-01
1.588496315835025430e-01
1.645851755810230355e-01
1.705278114340270379e-01
1.766850165564487485e-01
1.826821581105841086e-01
1.888828579942331831e-01
1.948869509268273958e-01
2.006636312195102523e-01
2.066115391651743849e-01
2.122941606367645673e-01
2.179069144949682957e-01
2.234364011911119663e-01
2.288691538325927088e-01
2.341916922938158119e-01
2.393905785966728705e-01
2.444524732446685389e-01
2.496214012503577273e-01
2.543748710631540400e-01
2.592188598584894699e-01
2.641550913637721321e-01
2.689085248844569342e-01
2.734662964926681261e-01
2.781013184671201621e-01
2.825246847434058073e-01
2.870184072816538978e-01
2.912846983176190507e-01
2.956144042382807813e-01
2.997012393199159908e-01
3.041560501555272689e-01
3.080455137125033271e-01
3.123042074504642218e-01
3.162978673922859918e-01
3.203425971543357176e-01
3.241074820467985118e-01
3.279166144367200442e-01
3.317705143508971610e-01
3.356697079278366802e-01
3.396147274895843782e-01
3.432553141548632114e-01
3.469349270171664945e-01
3.506539844277640205e-01
3.540514478158963696e-01
3.578467925857451437e-01
3.613139466189573823e-01
3.648146936795184092e-01
3.683493592480603929e-01
3.715393435105245334e-01
3.751391637689130976e-01
3.783879491912623405e-01
3.816648697904734822e-01
3.849701692231978778e-01
3.883040932562057401e-01
3.916668897846598552e-01
3.950588088505484485e-01
3.980745249486442039e-01
4.015219355060191120e-01
4.045869884488131896e-01
4.076754387423155435e-01
4.107874649922568788e-01
4.139232471677702363e-01
4.170829666117990553e-01
4.198394885060305892e-01
4.230443700976796451e-01
4.258402912015280539e-01
4.290909804473412303e-01
4.319268638971711094e-01
4.347814898405688022e-01
4.376549821475984592e-01
4.409958598739160407e-01
4.434595238955580387e-01
4.463903697576028784e-01
4.493405857244808232e-01
4.523102998141697584e-01
4.548371729974891586e-01
4.578432143035223723e-01
4.604009976236538293e-01
4.634438105210139658e-01
4.660328820881705081e-01
4.691129163876855968e-01
4.717336589373374300e-01
4.743690425068197714e-01
4.770191488895393905e-01
4.796840603358497046e-01
4.823638595556030140e-01
4.850586297207180597e-01
4.877684544677611811e-01
4.899957076845088966e-01
4.927331138726905313e-01
4.954858128328731293e-01
4.977483051289136040e-01
5.005290219173432753e-01
5.033252734364345171e-01
5.056235623562356229e-01
