1.402562279522340009e-07
1.257261062763042759e-07
1.121477827503216728e-07
9.920210834470085052e-08
8.657927933389782371e-08
7.405605354579236836e-08
6.203780658543718483e-08
5.588512925029279495e-08
1.536106968587728443e-07
-4.481481563966580984e-07
3.057797882792277261e-06
3.251219546169604649e-07
1.945641484353115417e-07
1.479707925110232441e-07
1.232687854106032226e-07
1.074501433713974398e-07
9.614162308131997762e-08
8.746616338687124043e-08
8.048351968133723242e-08
7.466885393743261920e-08
6.970452674358502741e-08
6.538578299830112418e-08
6.157377010544049312e-08
5.817032107401796468e-08
5.510357659959635802e-08
5.231936596077075866e-08
4.977581658984674802e-08
4.743985800932928145e-08
4.528488152153679716e-08
4.328912939324907092e-08
4.143455845476546939e-08
3.970602052112707949e-08
3.809065947670177222e-08
3.657745973301391631e-08
3.515690251635887844e-08
3.382070033742755135e-08
3.256158907159985586e-08
3.137316312716188804e-08
3.024974328423257643e-08
2.918626962134228286e-08
2.817821393389196167e-08
2.722150746252014933e-08
2.631248076885697621e-08
2.544781334054573243e-08
2.462449105740715211e-08
2.383977006148623070e-08
2.309114588385293479e-08
2.237632691741783757e-08
2.169321150687160178e-08
2.103986806797114758e-08
2.041451775879931124e-08
1.981551931268045795e-08
1.924135571158371084e-08
1.869062243415920804e-08
1.816201705709170105e-08
1.765433002454587307e-08
1.716643642989713610e-08
1.669728867805973729e-08
1.624590991660358426e-08
1.581138814032091373e-08
1.539287088761677648e-08
1.498956045856676904e-08
1.460070959412255709e-08
1.422561756407622594e-08
1.386362661828312777e-08
1.351411876150045592e-08
1.317651281719891103e-08
1.285026174998778170e-08
1.253485021997425911e-08
1.222979234555172556e-08
1.193462965385616636e-08
1.164892920051041300e-08
1.137228184234685933e-08
1.110430064860511583e-08
1.084461943768019939e-08
1.059289142788124197e-08
1.034878799187681091e-08
1.011199750557412929e-08
9.882224283124846260e-09
9.659187590585951000e-09
9.442620731505558004e-09
9.232270198361106710e-09
9.027894884362848088e-09
8.829265350657185298e-09
8.636163144430010866e-09
8.448380163826769153e-09
8.265718065979016473e-09
8.087987714761637319e-09
7.915008665206064853e-09
7.746608681764837301e-09
7.582623287866997327e-09
7.422895344423716837e-09
7.267274655142143983e-09
7.115617596685407402e-09
6.967786771879506005e-09
6.823650684315504897e-09
6.683083432829574587e-09
6.545964424465262652e-09
6.412178104633294513e-09
6.281613703285403117e-09
6.154164996010539872e-09
6.029730079046230526e-09
5.908211157274496139e-09
5.789514344342207796e-09
5.673549474109951960e-09
5.560229922692600274e-09
5.449472440408810767e-09
5.341196993006306618e-09
5.235326611575462204e-09
5.131787250605651791e-09
5.030507653677390136e-09
4.931419226318892004e-09
4.834455915588408283e-09
4.739554095973962963e-09
4.646652461229957264e-09
4.555691921795950024e-09
4.466615507466689978e-09
4.379368275004540615e-09
4.293897220405840712e-09
4.210151195551618246e-09
4.128080828990624847e-09
4.047638450618861602e-09
3.968778020034854794e-09
3.891455058363964174e-09
3.815626583357968287e-09
3.741251047588289581e-09
3.668288279562458416e-09
3.596699427603893038e-09
3.526446906344815065e-09
3.457494345691160728e-09
3.389806542126920612e-09
3.323349412233087143e-09
3.258089948303893710e-09
3.193996175949803886e-09
3.131037113583212125e-09
3.069182733688738638e-09
3.008403925785658713e-09
2.948672460995297743e-09
2.889960958130964263e-09
2.832242851232811592e-09
2.775492358474134319e-09
2.719684452369695886e-09
2.664794831220501340e-09
2.610799891732878705e-09
2.557676702753089500e-09
2.505402980061815302e-09
2.453957062175717662e-09
2.403317887106061725e-09
2.353464970026902261e-09
2.304378381807803310e-09
2.256038728368219075e-09
2.208427130812894199e-09
2.161525206309542427e-09
2.115315049671946544e-09
2.069779215613422439e-09
2.024900701637158891e-09
1.980662931531540296e-09
1.937049739439981071e-09
1.894045354476190956e-09
1.851634385857027499e-09
1.809801808526318072e-09
1.768532949244186258e-09
1.727813473117417084e-09
1.687629370547469053e-09
1.647966944573675647e-09
1.608812798590020615e-09
1.570153824414838766e-09
1.531977190693523747e-09
1.494270331615188301e-09
1.457020935924973346e-09
1.420216936214492402e-09
1.383846498473711412e-09
1.347898011888323362e-09
1.312360078867588862e-09
1.277221505288527054e-09
1.242471290943363826e-09
1.208098620178337917e-09
1.174092852713353936e-09
1.140443514633563008e-09
1.107140289545995111e-09
1.074173009896778191e-09
1.041531648447579406e-09
1.009206309913730620e-09
9.771872227714982517e-10
9.454647312482684204e-10
9.140292875177164269e-10
8.828714441327926324e-10
8.519818467435686603e-10
8.213512271658624598e-10
7.909703968916541253e-10
7.608302411663119272e-10
7.309217138036532126e-10
7.012358329730001190e-10
6.717636782798943761e-10
6.424963895844325783e-10
6.134251681745606718e-10
5.845412811602637505e-10
5.558360703163937760e-10
5.273009671365174489e-10
4.989275166639525359e-10
