9.218874404488443830e-08
8.257327276937782855e-08
7.359538748892755323e-08
6.504530289767566554e-08
5.672011433942552180e-08
4.847456481971961774e-08
4.057605670738374044e-08
3.653590351435816574e-08
1.007448895523793290e-07
-2.895665136507103722e-07
2.047152816622943613e-06
2.117589176892157278e-07
1.264442868039850081e-07
9.601695875551708428e-08
7.987583965634448791e-08
6.952935952514707864e-08
6.212489015888456762e-08
5.643848642223200270e-08
5.185714396328293358e-08
4.803868281067660118e-08
4.477598242640466832e-08
4.193549811876813874e-08
3.942663885938024912e-08
3.718533308207119482e-08
3.516465900213685043e-08
3.332922790797191515e-08
3.165167137309252500e-08
3.011036283693668432e-08
2.868789225398369994e-08
2.737001606886121572e-08
2.614491631950555244e-08
2.500266619211110745e-08
2.393483677200892922e-08
2.293420245208252772e-08
2.199451662816837267e-08
2.111033836370600515e-08
2.027689661903353870e-08
1.948998258131407490e-08
1.874586330584859608e-08
1.804121172606446660e-08
1.737304938430943462e-08
1.673869915681907622e-08
1.613574591055907278e-08
1.556200351478322643e-08
1.501548698862836647e-08
1.449438883389663279e-08
1.399705880436715803e-08
1.352198651711717689e-08
1.306778642992580938e-08
1.263318480087696436e-08
1.221700831830399865e-08
1.181817414602280521e-08
1.143568117392990241e-08
1.106860230014900534e-08
1.071607759998990647e-08
1.037730826055227429e-08
1.005155117902394753e-08
9.738114138480975683e-09
9.436351487987945001e-09
9.145660264563139733e-09
8.865476703538263476e-09
8.595273091343595825e-09
8.334554921052914817e-09
8.082858316342446702e-09
7.839747694025957721e-09
7.604813639162412222e-09
7.377670970006334343e-09
7.157956972875622580e-09
6.945329789422390261e-09
6.739466940871585435e-09
6.540063975590498060e-09
6.346833227912333247e-09
6.159502677494381442e-09
5.977814899675202951e-09
5.801526098330531894e-09
5.630405213635316271e-09
5.464233097936722055e-09
5.302801753645463613e-09
5.145913627672612685e-09
4.993380957487303349e-09
4.845025164356574290e-09
4.700676289759855986e-09
4.560172471354300654e-09
4.423359455208798240e-09
4.290090141329667835e-09
4.160224159773533514e-09
4.033627474887046708e-09
3.910172015431743543e-09
3.789735328549037385e-09
3.672200255696554519e-09
3.557454628846299458e-09
3.445390985378204733e-09
3.335906300232008416e-09
3.228901733997284900e-09
3.124282395727227321e-09
3.021957119357825122e-09
2.921838252701293714e-09
2.823841458062165976e-09
2.727885523597345696e-09
2.633892184608514445e-09
2.541785954017428175e-09
2.451493961333210876e-09
2.362945799476215069e-09
2.276073378877354341e-09
2.190810788325703525e-09
2.107094162093299171e-09
2.024861552926242048e-09
1.944052810559001243e-09
1.864609465488693168e-09
1.786474617844234601e-09
1.709592831310615237e-09
1.633910032234024092e-09
1.559373414258124638e-09
1.485931349153649345e-09
1.413533304945381385e-09
1.342129773078410558e-09
1.271672207302012640e-09
1.202112978349076266e-09
1.133405350618736562e-09
1.065503490375372005e-09
9.983625202182231813e-10
9.319386430873523026e-10
8.661893732690590053e-10
8.010739362755359332e-10
7.365539429267210133e-10
6.725945234544742841e-10
6.091662636192777575e-10
5.462486047827361944e-10
4.838360693594058198e-10
4.219503277599718927e-10
3.606654406266309942e-10
3.001663881773612410e-10
2.409057795541362261e-10
1.841238096978135728e-10
1.343271783858641452e-10
1.268264601010797276e-10
-1.513423309620701233e-10
-1.232089552130286356e-10
-1.710189380833976826e-10
-2.282594903429208011e-10
-2.888858118095743986e-10
-3.514059600542222308e-10
-4.153355662204511522e-10
-4.805260754034894840e-10
-5.469740196598691675e-10
-6.147537022512191994e-10
-6.839906968342608352e-10
-7.548516201247705933e-10
-8.275416214535436902e-10
-9.023063476599960384e-10
-9.794372213284844312e-10
-1.059279855971414609e-09
-1.142246053062149259e-09
-1.228830390324274100e-09
-1.319633107536929437e-09
-1.415392021101143775e-09
-1.517027848179381076e-09
-1.625710129977500608e-09
-1.742955961649365614e-09
-1.870783161815845120e-09
-2.011958264384394997e-09
-2.170419658157325910e-09
-2.352048781968798532e-09
-2.566201186127226623e-09
-2.829120051014754014e-09
-3.172940190371282731e-09
-3.676888568754977524e-09
-4.658925693640001038e-09
-7.459432834727114843e-09
-6.769793930238795854e-09
-6.661676666744293570e-09
-6.680473047610602288e-09
-6.753694415304080271e-09
-6.856581541685094862e-09
-6.977925437222363143e-09
-7.111785240546582542e-09
-7.254672104806778778e-09
-7.404382781815994387e-09
-7.559448160619498371e-09
-7.718846311171054460e-09
-7.881841844313486411e-09
-8.047890639587115657e-09
-8.216580630181364195e-09
-8.387593540403688164e-09
-8.560679338125459229e-09
-8.735638691847612529e-09
-8.912310628348239350e-09
-9.090563662860204294e-09
-9.270289304226150981e-09
-9.451397219210562271e-09
-9.633811578017637111e-09
-9.817468255126927344e-09
-1.000231265901574961e-08
-1.018829803074140382e-08
-1.037538409652382504e-08
-1.056353599071759637e-08
-1.075272338751753014e-08
-1.094291979538842014e-08
-1.113410197950671288e-08
-1.132624948575748520e-08
