1.317361345806880302e-01
1.311400434739880549e-01
1.343286529117932449e-01
1.413985820124139536e-01
1.443884437259307096e-01
1.482058675880470744e-01
1.525988652232621867e-01
1.576138514043083916e-01
1.627936493377833138e-01
1.683192823440266273e-01
1.740324694731972544e-01
1.797518464042413000e-01
1.856591840794980519e-01
1.913613662037512708e-01
1.970335439851416959e-01
2.024527333111471317e-01
2.080209714354288308e-01
2.132995978467887577e-01
2.187121717952572320e-01
2.237985013718911398e-01
2.290031176828653259e-01
2.340868213794906061e-01
2.387902660130816479e-01
2.438394670994851188e-01
2.484828331739477869e-01
2.532146215565705960e-01
2.577711828699278951e-01
2.624097388598752301e-01
2.668573615524155174e-01
2.711018860306735334e-01
2.754139221861126585e-01
2.797945438319666689e-01
2.839534581175264250e-01
2.881741912212723578e-01
2.921581662151148118e-01
2.961972192042638952e-01
3.002921116356592757e-01
3.041321642141203707e-01
3.080213223242754261e-01
3.119602139140998931e-01
3.156265833162584244e-01
3.196627288829625435e-01
3.234196234993693686e-01
3.268866026180456408e-01
3.307283971301637204e-01
3.342737245113446276e-01
3.378570569333651519e-01
3.411305317328215403e-01
3.447873674481810036e-01
3.481279895703204841e-01
3.515009787604459479e-01
3.549066486209500049e-01
3.583453157926981270e-01
3.618172999844683213e-01
3.649507152161218793e-01
3.681112664941015300e-01
3.716778723397863304e-01
3.748966822377875485e-01
3.777584889724271422e-01
3.810299583114649669e-01
3.843297592749366220e-01
3.872635742312338647e-01
3.906173596423041516e-01
3.935991715479706388e-01
3.966037453765811627e-01
3.996312548832725575e-01
4.026818751495571114e-01
4.053432195201439048e-01
4.084374425699160427e-01
4.115552856429688378e-01
4.142752748210871139e-01
4.170132405418162103e-01
4.201965477215247602e-01
4.229736474268525614e-01
4.257691011210819054e-01
4.285830301066305137e-01
4.314155564876097082e-01
4.342668031751231728e-01
4.366928747012411849e-01
4.395789994450724492e-01
4.424841987296611601e-01
4.449561774935140157e-01
4.478969148129933187e-01
4.503991322141831510e-01
4.529153284835361615e-01
4.559086682244034572e-01
4.584556440245398101e-01
4.610168487397607318e-01
4.635923618612118879e-01
4.661822633241237135e-01
4.687866335102919835e-01
4.714055532505729840e-01
4.740391038273917834e-01
4.762036659453250387e-01
4.788640216209972267e-01
4.815392396188798996e-01
4.837380489322081201e-01
4.864404961329466537e-01
4.886616856130057696e-01
4.913916391639164272e-01
