1.316723759387688486e-01
1.310765733327110549e-01
1.344027007761615100e-01
1.414765271328015939e-01
1.419784712229838763e-01
1.432080351612369240e-01
1.444482473862705452e-01
1.458477969529911600e-01
1.472609066633975006e-01
1.488395075005242985e-01
1.504350305518316055e-01
1.522030457294974715e-01
1.538346250864752462e-01
1.558018197806756988e-01
1.577941704172572401e-01
1.598119986834625750e-01
1.618556303801820528e-01
1.640932658232260311e-01
1.663618363184780069e-01
1.686617695394708183e-01
1.709934990722745407e-01
1.733574644972368795e-01
1.757541114718530473e-01
1.781838918147818918e-01
1.806472635910231217e-01
1.829573309003712511e-01
1.854866949220353722e-01
1.878586475425217672e-01
1.902609320379504421e-01
1.926939362839600323e-01
1.951580531162357413e-01
1.976536803939369646e-01
1.999766413796602860e-01
2.023269033887211688e-01
2.047047872813837210e-01
2.071106176888808104e-01
2.093307927636467447e-01
2.115747675712202902e-01
2.138427972389056742e-01
2.161351396289092619e-01
2.184520553676571608e-01
2.207938078754268507e-01
2.229330645555049339e-01
2.250930483528300607e-01
2.272739600910777535e-01
2.294760025396909708e-01
2.316993804327323325e-01
2.339443004879194210e-01
2.359703081844526096e-01
2.380138615411187819e-01
2.400751125070887393e-01
2.421542143474456066e-01
2.442513216545809107e-01
2.463665903596893580e-01
2.485001777443631710e-01
2.503971256660758593e-01
2.523085541062748960e-01
2.544936001683261728e-01
2.564362994062523438e-01
2.583938284093534876e-01
2.603663003819439714e-01
2.623538293924931875e-01
2.640877387885797734e-01
2.661036757258972152e-01
2.678623680413200203e-01
2.699071189423987716e-01
2.716909484016011844e-01
2.734865672776666812e-01
2.755742509973435617e-01
2.773955348117642106e-01
2.792288555807285744e-01
2.807887933214030518e-01
2.826445403031916936e-01
2.845125520082966708e-01
2.863929094948792220e-01
2.879928698831187295e-01
2.898962289621632715e-01
2.915157609675384509e-01
2.934424030074865852e-01
2.950817460410479764e-01
2.967302474155789627e-01
2.983879582949955922e-01
3.003600190259742009e-01
3.020380079590802014e-01
3.037253711320359595e-01
3.051122449728215225e-01
3.068167826542338994e-01
3.085308428925256918e-01
3.102544788863386693e-01
3.119877441315137556e-01
3.134123457028905047e-01
3.151632526621245267e-01
3.169239412244827525e-01
3.183710825086127905e-01
3.198248317438119326e-01
3.216115626474086442e-01
3.230801085955702923e-01
3.248850254033667784e-01
3.263685186700488461e-01
3.278587858785878550e-01
