1.316502458639277062e-01
1.310545433939551419e-01
1.343801118177271881e-01
1.414527492818181131e-01
1.420986522465752522e-01
1.434754367405502440e-01
1.448655608089186586e-01
1.462691536979392748e-01
1.478371231862786184e-01
1.495746059830514174e-01
1.513325088637924587e-01
1.531110718192688069e-01
1.550690139141443769e-01
1.572128251664136611e-01
1.593862743622626865e-01
1.615897712428469857e-01
1.638237312139462498e-01
1.662588353683308873e-01
1.687301353302384233e-01
1.712381691203855028e-01
1.737834827567213136e-01
1.761860193846944422e-01
1.788048787194746470e-01
1.814626652304253129e-01
1.839713656713989343e-01
1.865147486069482496e-01
1.890932935185650476e-01
1.917074865165175890e-01
1.941589889016392956e-01
1.968432145546573642e-01
1.993603912113665610e-01
2.017034106277495187e-01
2.042827381293831623e-01
2.066836083271224589e-01
2.093266212213311939e-01
2.117867705765129061e-01
2.140570728644693999e-01
2.165728177167345336e-01
2.188944252573427340e-01
2.212409198619390560e-01
2.236125683137515641e-01
2.260096402558591788e-01
2.281994327927594213e-01
2.306456747981948108e-01
2.328803855688045543e-01
2.351367483050653129e-01
2.374149727914479091e-01
2.394710372527085185e-01
2.417912563795833192e-01
2.438852203930590434e-01
2.459973185829123499e-01
2.483807704202786737e-01
2.502768068357006381e-01
2.524442575316797055e-01
2.546304788144298503e-01
2.565742229275170816e-01
2.587962105942352431e-01
2.607717541865576805e-01
2.627623782643176975e-01
2.650379566802593123e-01
2.667896056059549381e-01
2.688261674808095636e-01
2.708782756295180505e-01
2.729460487259265933e-01
2.747499626219291335e-01
2.768472905808751494e-01
2.786769879766816671e-01
2.805187779328061626e-01
2.826601426498504543e-01
2.845282574716339052e-01
2.864087187563981729e-01
2.883016081025258082e-01
2.902070076476874205e-01
2.918282758468365157e-01
2.937569833130331820e-01
2.956984377019856169e-01
2.973503842813263187e-01
2.993155876344820165e-01
3.009877417553450396e-01
3.026692375193413276e-01
3.046695934358392699e-01
3.063716582036372649e-01
3.080832317131548259e-01
3.098043670858539600e-01
3.115351177399648952e-01
3.132755373921434217e-01
3.150256800591386130e-01
3.167856000594689858e-01
3.185553520151084839e-01
3.200099426635792943e-01
3.217977077063925440e-01
3.235954602634115163e-01
3.250730651047969433e-01
3.268891157478404641e-01
3.283817601119858876e-01
3.302162950846785350e-01
3.317241320485355138e-01
3.332388541126840575e-01
3.351005236887325545e-01
3.366306630663066790e-01
