1.316111134702497576e-01
1.311474608309484424e-01
1.343362506183538030e-01
1.414065795982671625e-01
1.424860191371852269e-01
1.440134343499881175e-01
1.457059785452102796e-01
1.474184146752766100e-01
1.494564572744740139e-01
1.515226755778077417e-01
1.536174591111414967e-01
1.559008554792722656e-01
1.583805509743248241e-01
1.610649670925337340e-01
1.636268008431076559e-01
1.664001364506179637e-01
1.692204777463911514e-01
1.720886214370079548e-01
1.750053777325504822e-01
1.779715705754750799e-01
1.808023138734944635e-01
1.838667598713502882e-01
1.867912696486780932e-01
1.897622954871126810e-01
1.925829549279770014e-01
1.956461009529986972e-01
1.985542182916132381e-01
2.012992074845848245e-01
2.042913535722593321e-01
2.071156579995256097e-01
2.097641958256065142e-01
2.126641616665135293e-01
2.153836522249088503e-01
2.181379188774013045e-01
2.209274063310765202e-01
2.235238960324637258e-01
2.261509014533868989e-01
2.288087812354144546e-01
2.314978982351153236e-01
2.339794989818929638e-01
2.367293857864834483e-01
2.392670667979771293e-01
2.415853096685337820e-01
2.441750449942301504e-01
2.465408409426698977e-01
2.491836983494060409e-01
2.515980228107210226e-01
2.540357395029207987e-01
2.562357433600525591e-01
2.587183946215727004e-01
2.609589512739245443e-01
2.634873653862165876e-01
2.657692223457507885e-01
2.680708406747766559e-01
2.703923915109820442e-01
2.724564555683177680e-01
2.748159867678396373e-01
2.769138187278994967e-01
2.793119516460728646e-01
2.814441039487146079e-01
2.835925322231322987e-01
2.857573607133852556e-01
2.879387146119606888e-01
2.901367200670138535e-01
2.920542479576448414e-01
2.942836696977795263e-01
2.962286049830215595e-01
2.984898920439606473e-01
3.004626264601129026e-01
3.024483987753042724e-01
3.044472951576525088e-01
3.064594023447645976e-01
3.084848076475006917e-01
3.105235989537628027e-01
3.125758647323082506e-01
3.143220986134943051e-01
3.163994688636088681e-01
3.184905685561492672e-01
3.202698454754573376e-01
3.220590624892867293e-01
3.241875667151945528e-01
3.259986704398604718e-01
3.278198920624295076e-01
3.296512881074710188e-01
3.318299697268899950e-01
3.336837684404480586e-01
3.352074386159751840e-01
3.370801058708130515e-01
3.389632349538902467e-01
3.408568843111745572e-01
3.427611127151475867e-01
3.443262319512898073e-01
3.462498421856545772e-01
3.481841988459096204e-01
3.497740810324205807e-01
3.517281261778530954e-01
3.533341906809482902e-01
3.549475888119115186e-01
3.569305362354417421e-01
3.585603560356036001e-01
