4.594875817310947239e-08
4.098672700086628046e-08
3.637319985815398504e-08
3.200370121978695165e-08
2.777912925118299977e-08
2.363111045961728284e-08
1.969560283212071583e-08
1.769089691170656901e-08
4.965483487538138998e-08
-1.315537761688012216e-07
1.150154567853518740e-06
1.003822541193650477e-07
5.918000063879870949e-08
4.453482332081298224e-08
3.673664612155461419e-08
3.170842094408489377e-08
2.808643197654638518e-08
2.528675033411990476e-08
2.301714452122840753e-08
2.111447251968030073e-08
1.947990488164366199e-08
1.804963033426815629e-08
1.678027967751160963e-08
1.564110811357251907e-08
1.460953973036233967e-08
1.366849690137431255e-08
1.280472982590583043e-08
1.200773266303365234e-08
1.126901747624457104e-08
1.058161401658011351e-08
9.939716394969706835e-09
9.338427877013528967e-09
8.773572808067137646e-09
8.241555464538006998e-09
7.739252354219328417e-09
7.263928786496011998e-09
6.813173340821592538e-09
6.384845733383995612e-09
5.977034853077709809e-09
5.588024616787729505e-09
5.216265912294438959e-09
4.860353340131757115e-09
4.519005790179852384e-09
4.191050133814648321e-09
3.875407507035880820e-09
3.571081828555516542e-09
3.277150364888141888e-09
2.992756356866398955e-09
2.717104018100621854e-09
2.449456723231738618e-09
2.189140179335349755e-09
1.935554428086319397e-09
1.688203240586752483e-09
1.446761369562156736e-09
1.211233909891480117e-09
9.823738294209660138e-10
7.629826205595095919e-10
5.633511390092054766e-10
4.430300994566080469e-10
-1.973854787324034529e-09
-4.211947581563950272e-10
-5.747854237249017339e-10
-7.867255596097339150e-10
-1.018697108033219437e-09
-1.264034031860775244e-09
-1.522173625484038017e-09
-1.794870127691820522e-09
-2.085457193596430805e-09
-2.398970653606895666e-09
-2.742813948314153365e-09
-3.128164682964845110e-09
-3.572863066881837869e-09
-4.107903223438383552e-09
-4.794568502836162289e-09
-5.783645796956185743e-09
-7.675454507671253343e-09
-1.385709919817774241e-08
-1.303692131916561359e-08
-1.325694539119259276e-08
-1.368959412564519317e-08
-1.421143191951887937e-08
-1.478185363035544491e-08
-1.538303247038453353e-08
-1.600577591816307065e-08
-1.664482220699198638e-08
-1.729692934991835309e-08
-1.795998727768003426e-08
-1.863256323063098964e-08
-1.931365109405833491e-08
-2.000252485558026837e-08
-2.069864876564932277e-08
-2.140162004754075645e-08
-2.211113112978198849e-08
-2.282694403092690853e-08
-2.354887255413301740e-08
-2.427676964177281510e-08
-2.501051822320099677e-08
-2.575002447863576624e-08
-2.649521280650276295e-08
-2.724602201259217541e-08
-2.800240238923780197e-08
-2.876431345198731814e-08
-2.953172216822743363e-08
-3.030460155822419387e-08
-3.108292958111966061e-08
-3.186668824111967097e-08
-3.265586286537935042e-08
-3.345044151690133664e-08
-3.425041451442665896e-08
-3.505577403772934271e-08
-3.586651380153883389e-08
-3.668262878495670721e-08
-3.750411500600798794e-08
-3.833096933310210653e-08
-3.916318932683034480e-08
-4.000077310681610799e-08
-4.084371923934445026e-08
-4.169202664230087063e-08
-4.254569450458083309e-08
-4.340472221764423033e-08
-4.426910931729370723e-08
-4.513885543408965653e-08
-4.601396025108054176e-08
-4.689442346774669655e-08
-4.778024476923446664e-08
-4.867142380010708247e-08
-4.956796014195621507e-08
-5.046985329432398178e-08
-5.137710265846654218e-08
-5.228970752355984236e-08
-5.320766705500912419e-08
-5.413098028457225651e-08
-5.505964610204801917e-08
-5.599366324831578849e-08
-5.693303030954496189e-08
-5.787774571241393341e-08
-5.882780772020353806e-08
-5.978321442964800825e-08
-6.074396376843874792e-08
-6.171005349329590317e-08
-6.268148118852761879e-08
-6.365824426501176568e-08
-6.464033995954342108e-08
-6.562776533449425548e-08
-6.662051727774204353e-08
-6.761859250283183860e-08
-6.862198754933412207e-08
-6.963069878337070496e-08
-7.064472239828375158e-08
-7.166405441542566424e-08
-7.268869068504699876e-08
-7.371862688727113470e-08
-7.475385853313522591e-08
-7.579438096568683027e-08
-7.684018936112712622e-08
-7.789127872998439753e-08
-7.894764391831659505e-08
-8.000927960893049510e-08
-8.107618032261274271e-08
-8.214834041936708883e-08
-8.322575409965219664e-08
-8.430841540561729058e-08
-8.539631822233048644e-08
-8.648945627899735415e-08
-8.758782315016743682e-08
-8.869141225692674075e-08
-8.980021686807219957e-08
-9.091423010126992563e-08
-9.203344492419436341e-08
-9.315785415564425544e-08
-9.428745046664226313e-08
-9.542222638150926922e-08
-9.656217427891907941e-08
-9.770728639292859970e-08
-9.885755481398675850e-08
-1.000129714899220015e-07
-1.011735282269047460e-07
-1.023392166903887390e-07
-1.035100284060312130e-07
-1.046859547605893377e-07
-1.058669870027948085e-07
-1.070531162442087536e-07
-1.082443334600569488e-07
-1.094406294900381247e-07
-1.106419950391192645e-07
-1.118484206783104675e-07
-1.130598968454145861e-07
-1.142764138457650709e-07
-1.154979618529439506e-07
-1.167245309094791513e-07
-1.179561109275280396e-07
-1.191926916895441823e-07
-1.204342628489265183e-07
-1.216808139306541568e-07
-1.229323343319061009e-07
-1.241888133226656980e-07
-1.254502400463134575e-07
-1.267166035202022652e-07
-1.279878926362263251e-07
-1.292640961613702480e-07
