1.866970507824853476e-07
1.673995863289705341e-07
1.493609731649184443e-07
1.321564028634289754e-07
1.153730104421630768e-07
9.871264959437969754e-08
8.271428945887490929e-08
7.452165413597725571e-08
2.046234314078159176e-07
-5.999164717676799341e-07
4.046494563731769552e-06
4.340754480009974190e-07
2.599527210894169459e-07
1.977985724690103940e-07
1.648531859231264267e-07
1.437622631153588613e-07
1.286898594734085813e-07
1.171308016609565488e-07
1.078301578349712449e-07
1.000874372832736903e-07
9.347871220339353532e-08
8.773073373567360921e-08
8.265822046074066202e-08
7.813019752020480686e-08
7.405080378813075840e-08
7.034778630525315810e-08
6.696530469058987485e-08
6.385926439958274481e-08
6.099419284587799641e-08
5.834108935681562476e-08
5.587590843926390202e-08
5.357846597382659728e-08
5.143163462728013162e-08
4.942074132236082431e-08
4.753310863583115902e-08
4.575770054661170428e-08
4.408484507289294320e-08
4.250601441204805921e-08
4.101364867803126551e-08
3.960101311448296067e-08
3.826208131470168935e-08
3.699143886695946764e-08
3.578420320449593501e-08
3.463595643318949637e-08
3.354268864403899786e-08
3.250074976599080394e-08
3.150680842857523613e-08
3.055781661930855196e-08
2.965097916350270549e-08
2.878372724243893535e-08
2.795369531318446539e-08
2.715870090949110755e-08
2.639672689547610161e-08
2.566590581758097888e-08
2.496450605972137505e-08
2.429091955468267169e-08
2.364365084405757935e-08
2.302130731118849641e-08
2.242259043809009901e-08
2.184628795929041703e-08
2.129126680381348879e-08
2.075646673181974119e-08
2.024089458526765046e-08
1.974361908280015293e-08
1.926376609824081798e-08
1.880051436989296973e-08
1.835309159449895615e-08
1.792077086542415171e-08
1.750286741953558942e-08
1.709873566147365590e-08
1.670776643767223182e-08
1.632938453565420945e-08
1.596304638688794351e-08
1.560823795389616506e-08
1.526447278441175032e-08
1.493129021721915711e-08
1.460825372593946152e-08
1.429494938844389348e-08
1.399098447083941447e-08
1.369598611608308893e-08
1.340960012826885000e-08
1.313148984450576552e-08
1.286133508708686801e-08
1.259883118934120538e-08
1.234368808918240101e-08
1.209562948492088350e-08
1.185439204840388705e-08
1.161972469099220901e-08
1.139138787828360598e-08
1.116915298985199084e-08
1.095280172059663532e-08
1.074212552058802895e-08
1.053692507056146382e-08
1.033700979044886310e-08
1.014219737855577191e-08
9.952313379187188855e-09
9.767190776704288085e-09
9.586669614156025538e-09
9.410596634777441838e-09
9.238824944780901109e-09
9.071213695988798641e-09
8.907627786968555169e-09
8.747937581432617533e-09
8.592018642760009308e-09
8.439751483581290368e-09
8.291021329447437670e-09
8.145717895675096118e-09
8.003735176526538270e-09
7.864971245943558770e-09
7.729328069110178768e-09
7.596711324170423387e-09
7.467030233474771515e-09
7.340197403772362089e-09
7.216128674806362778e-09
7.094742975806906793e-09
6.975962189410401795e-09
6.859711022565573542e-09
6.745916884016066889e-09
6.634509767976424314e-09
6.525422143643530847e-09
6.418588850208824130e-09
6.313946997058190026e-09
6.211435868866606031e-09
6.110996835313117801e-09
6.012573265159077603e-09
5.916110444448738273e-09
5.821555498606133375e-09
5.728857318216272751e-09
5.637966488291525446e-09
5.548835220836207476e-09
5.461417290533775586e-09
5.375667973391332318e-09
5.291543988186211189e-09
5.209003440568374125e-09
5.128005769681133798e-09
5.048511697170493984e-09
4.970483178461094664e-09
4.893883356183682856e-09
4.818676515645538405e-09
4.744828042241544894e-09
4.672304380709290993e-09
4.601072996136951809e-09
4.531102336637905250e-09
4.462361797610602815e-09
4.394821687506838973e-09
4.328453195035663627e-09
4.263228357734146029e-09
4.199120031839900940e-09
4.136101863403743820e-09
4.074148260584166262e-09
4.013234367068317260e-09
3.953336036567192660e-09
3.894429808335336596e-09
3.836492883668004071e-09
3.779503103331188038e-09
3.723438925882116764e-09
3.668279406840011377e-09
3.614004178668979684e-09
3.560593431536785548e-09
3.508027894815022319e-09
3.456288819288027015e-09
3.405357960039390264e-09
3.355217559986484498e-09
3.305850334034878394e-09
3.257239453825903939e-09
3.209368533051837292e-09
3.162221613314486866e-09
3.115783150504077185e-09
3.070038001676430882e-09
3.024971412407483968e-09
2.980569004605155043e-09
2.936816764759538762e-09
2.893701032613234247e-09
2.851208490234492691e-09
2.809326151476686417e-09
2.768041351808253529e-09
2.727341738498134597e-09
2.687215261142271627e-09
2.647650162517446793e-09
2.608634969749336077e-09
2.570158485782234428e-09
2.532209781138486457e-09
2.494778185956105006e-09
2.457853282293684858e-09
2.421424896692052214e-09
2.385483092982689449e-09
2.350018165333243474e-09
2.315020631520987294e-09
2.280481226425412464e-09
2.246390895731482113e-09
2.212740789835489860e-09
2.179522257945777675e-09
2.146726842370858946e-09
2.114346272987842106e-09
2.082372461884314866e-09
2.050797498167127429e-09
2.019613642931784414e-09
1.988813324386399599e-09
1.958389133124410426e-09
1.928333817540472495e-09
