1.519274207276024062e+14
1.580350557317271250e+14
1.641426907358518438e+14
1.702503257399765625e+14
1.763579607441013125e+14
1.824655957482260000e+14
1.885732307523507188e+14
1.946808657564754375e+14
2.007885007606001562e+14
2.068961357647249062e+14
2.130037707688496250e+14
2.191114057729743438e+14
2.252190407770990312e+14
2.313266757812237812e+14
2.374343107853485000e+14
2.435419457894732188e+14
2.496495807935979375e+14
2.557572157977226562e+14
2.618648508018473438e+14
2.679724858059720625e+14
2.740801208100968125e+14
2.801877558142215312e+14
2.862953908183462500e+14
2.924030258224710000e+14
2.985106608265956875e+14
3.046182958307204375e+14
3.107259308348451250e+14
3.168335658389698750e+14
3.229412008430945625e+14
3.290488358472192500e+14
3.351564708513440000e+14
3.412641058554687500e+14
3.473717408595934375e+14
3.534793758637181875e+14
3.595870108678428750e+14
3.656946458719676250e+14
3.718022808760923750e+14
3.779099158802170625e+14
3.840175508843417500e+14
3.901251858884665000e+14
3.962328208925911875e+14
4.023404558967159375e+14
4.084480909008406250e+14
4.145557259049653125e+14
4.206633609090900625e+14
4.267709959132147500e+14
4.328786309173395625e+14
4.389862659214642500e+14
4.450939009255890000e+14
4.512015359297136875e+14
4.573091709338383750e+14
4.634168059379631875e+14
4.695244409420879375e+14
4.756320759462126250e+14
4.817397109503373125e+14
4.878473459544620625e+14
4.939549809585867500e+14
5.000626159627115000e+14
5.061702509668361875e+14
5.122778859709608750e+14
5.183855209750856250e+14
5.244931559792103125e+14
5.306007909833350625e+14
5.367084259874597500e+14
5.428160609915844375e+14
5.489236959957091875e+14
5.550313309998338750e+14
5.611389660039586250e+14
5.672466010080832500e+14
5.733542360122080000e+14
5.794618710163328750e+14
5.855695060204576250e+14
5.916771410245823750e+14
5.977847760287070000e+14
6.038924110328317500e+14
6.100000460369565000e+14
6.161076810410811250e+14
6.222153160452058750e+14
6.283229510493306250e+14
6.344305860534553750e+14
6.405382210575800000e+14
6.466458560617047500e+14
6.527534910658295000e+14
6.588611260699541250e+14
6.649687610740788750e+14
6.710763960782036250e+14
6.771840310823282500e+14
6.832916660864530000e+14
6.893993010905777500e+14
6.955069360947023750e+14
7.016145710988271250e+14
7.077222061029520000e+14
7.138298411070767500e+14
7.199374761112015000e+14
7.260451111153261250e+14
7.321527461194508750e+14
7.382603811235756250e+14
7.443680161277002500e+14
7.504756511318250000e+14
7.565832861359497500e+14
7.626909211400745000e+14
7.687985561441991250e+14
7.749061911483238750e+14
7.810138261524486250e+14
7.871214611565732500e+14
7.932290961606980000e+14
7.993367311648227500e+14
8.054443661689473750e+14
8.115520011730721250e+14
8.176596361771968750e+14
8.237672711813216250e+14
8.298749061854462500e+14
8.359825411895710000e+14
8.420901761936958750e+14
8.481978111978206250e+14
8.543054462019452500e+14
8.604130812060700000e+14
8.665207162101947500e+14
8.726283512143193750e+14
8.787359862184441250e+14
8.848436212225688750e+14
8.909512562266936250e+14
8.970588912308182500e+14
9.031665262349430000e+14
9.092741612390677500e+14
9.153817962431923750e+14
9.214894312473171250e+14
9.275970662514418750e+14
9.337047012555665000e+14
9.398123362596912500e+14
9.459199712638160000e+14
9.520276062679407500e+14
9.581352412720653750e+14
9.642428762761901250e+14
9.703505112803148750e+14
9.764581462844395000e+14
9.825657812885642500e+14
9.886734162926890000e+14
9.947810512968136250e+14
1.000888686300938500e+15
1.006996321305063250e+15
1.013103956309188000e+15
1.019211591313312750e+15
1.025319226317437375e+15
1.031426861321562125e+15
1.037534496325686875e+15
1.043642131329811500e+15
1.049749766333936250e+15
1.055857401338061000e+15
1.061965036342185625e+15
1.068072671346310375e+15
1.074180306350435125e+15
1.080287941354559875e+15
1.086395576358684500e+15
1.092503211362809250e+15
1.098610846366934000e+15
1.104718481371058625e+15
1.110826116375183375e+15
1.116933751379308125e+15
1.123041386383432750e+15
1.129149021387557750e+15
1.135256656391682500e+15
1.141364291395807000e+15
1.147471926399931750e+15
1.153579561404056500e+15
1.159687196408181250e+15
1.165794831412306000e+15
1.171902466416430750e+15
1.178010101420555500e+15
1.184117736424680000e+15
1.190225371428804750e+15
1.196333006432929500e+15
1.202440641437054250e+15
1.208548276441179000e+15
1.214655911445303750e+15
1.220763546449428250e+15
1.226871181453553000e+15
1.232978816457677750e+15
1.239086451461802500e+15
1.245194086465927250e+15
1.251301721470052000e+15
1.257409356474176750e+15
1.263516991478301500e+15
1.269624626482426250e+15
1.275732261486551000e+15
1.281839896490675750e+15
1.287947531494800250e+15
1.294055166498925000e+15
1.300162801503049750e+15
1.306270436507174500e+15
1.312378071511299250e+15
1.318485706515424000e+15
1.324593341519548750e+15
1.330700976523673250e+15
1.336808611527798000e+15
1.342916246531922750e+15
1.349023881536047500e+15
1.355131516540172250e+15
1.361239151544297000e+15
1.367346786548421750e+15
