1.316809885616206099e-01
1.310851469844186989e-01
1.344114919881662651e-01
1.414857810401750071e-01
1.422762043979413638e-01
1.436547091830310541e-01
1.453430373951974663e-01
1.469010791436911878e-01
1.486275609118592189e-01
1.505281691076630624e-01
1.526092037036215487e-01
1.547190083631186375e-01
1.568579808289682076e-01
1.591895448699933713e-01
1.617215489187208144e-01
1.641254058734327170e-01
1.667359177164683404e-01
1.693879512973870405e-01
1.720821670440361162e-01
1.748192358887591114e-01
1.775998394354761922e-01
1.804246701294216770e-01
1.831065334988492832e-01
1.858282605472688920e-01
1.885904438152703200e-01
1.913936846510687906e-01
1.942385933414229604e-01
1.969239195166500034e-01
1.996463700168802091e-01
2.024064580816297143e-01
2.049947759599114183e-01
2.078288051206475251e-01
2.102713511184885753e-01
2.129602430765255294e-01
2.156835198422099864e-01
2.182183798096963556e-01
2.207830311820126734e-01
2.233778240880864019e-01
2.257723796296126073e-01
2.281926042198228755e-01
2.306387730246295398e-01
2.331111641596561868e-01
2.356100587218576958e-01
2.381357408214794247e-01
2.404430223490715557e-01
2.427726589756051268e-01
2.451248672981632681e-01
2.474998660124238803e-01
2.496432678067240230e-01
2.520620450062792117e-01
2.542449562467818946e-01
2.564467719656791656e-01
2.586676558797986192e-01
2.609077731237907649e-01
2.631672902624074273e-01
2.654463753028867279e-01
2.674726835113057088e-01
2.697890541784947471e-01
2.718485126073382219e-01
2.739236920928904695e-01
2.760147126432178633e-01
2.781216951824790895e-01
2.802447615579178319e-01
2.823840345469095792e-01
2.842503245566248005e-01
2.864201743624005814e-01
2.883131394191932317e-01
2.905140030788817551e-01
2.924340244515434284e-01
2.943667353401402953e-01
2.963122196103089578e-01
2.982705616819582017e-01
3.002418465329319552e-01
3.022261597026971724e-01
3.039145740027122122e-01
3.059231604094408419e-01
3.079450216627823700e-01
3.096653849122950608e-01
3.117119787119187468e-01
3.134533864142199922e-01
3.152045226511709375e-01
3.172877248852660759e-01
3.190602820075301160e-01
3.208427416835498147e-01
3.226351592348545849e-01
3.244375902920325072e-01
3.262500907964572261e-01
3.280727170020240613e-01
3.299055254768956669e-01
3.314119434014476950e-01
3.332634067724055127e-01
3.351252135141507549e-01
3.366554656306537385e-01
3.385362224218864124e-01
3.400820499215297388e-01
3.419819496417617621e-01
3.435435110556510629e-01
3.454627485475820214e-01
3.470402040204020322e-01
3.486248624862486323e-01
