1.317135611957866437e-01
1.311175722310997938e-01
1.343056352910386164e-01
1.413743529379353769e-01
1.443637023296091004e-01
1.481804720646065499e-01
1.524141998378810148e-01
1.572590493376781751e-01
1.624271871093389552e-01
1.679403814498648118e-01
1.734595489153533399e-01
1.791600974712569683e-01
1.848551292303745874e-01
1.905326162811773472e-01
1.961802289322574777e-01
2.015759487731550448e-01
2.071200719101437548e-01
2.123758375878221916e-01
2.175396577464500658e-01
2.228290338013301231e-01
2.277756772982104383e-01
2.328321327054500012e-01
2.377553495393455452e-01
2.425325049396724053e-01
2.471509829030115180e-01
2.518574092372428685e-01
2.563895477068076634e-01
2.610032413673414875e-01
2.654270251193303620e-01
2.696487992489862151e-01
2.739377231980465455e-01
2.782948650241827693e-01
2.824314878256699024e-01
2.866295981008848415e-01
2.905922192727865006e-01
2.946096232258664793e-01
2.986825673257633151e-01
3.025020374961694958e-01
3.063703499961205057e-01
3.102881294078356222e-01
3.139348473313819943e-01
3.176244239734983821e-01
3.213573630391041158e-01
3.251341741530026641e-01
3.286195328345815070e-01
3.321422537072339920e-01
3.357027372844937907e-01
3.393013883733015379e-01
3.425888572050673764e-01
3.462613258121660653e-01
3.496162290199331113e-01
3.530036376641854101e-01
3.560607246943898185e-01
3.595105736332951940e-01
3.626240121212045420e-01
3.661374523202370890e-01
3.693082809954505441e-01
3.725065697254162367e-01
3.757325563200836216e-01
3.786007437729087544e-01
3.818795072187260997e-01
3.847946179608537909e-01
3.881270216823691221e-01
3.910898233746009645e-01
3.940752418736437335e-01
3.970834498268776547e-01
4.001146211996018387e-01
4.031689312850950113e-01
4.058334946337001092e-01
4.089314602415909383e-01
4.116341084282409968e-01
4.147763535307466554e-01
4.175176309053779122e-01
4.202770255173606251e-01
4.230546571044098147e-01
4.258506461955929856e-01
4.286651141165602752e-01
4.314981829948090208e-01
4.343499757649831317e-01
4.367765119424411591e-01
4.396631894489240189e-01
4.421194083843928424e-01
4.450413973569383175e-01
4.475276621466418581e-01
4.504853945350030253e-01
4.530020727167628491e-01
4.555328105531692984e-01
4.580776865897792094e-01
4.606367798109511913e-01
4.632101696422972759e-01
4.657979359531480568e-01
4.684001590590315955e-01
4.710169197241658168e-01
4.736482991639655582e-01
4.758110767857188228e-01
4.784692392258624860e-01
4.806540302725558766e-01
4.833392483187712307e-01
4.855462768499071990e-01
4.882588258825882321e-01
