1.316141278407635118e-01
1.311504645821397752e-01
1.343393274043646057e-01
1.414098183203837955e-01
1.446984187464392391e-01
1.486781884369225148e-01
1.534042798880180247e-01
1.586112136701178510e-01
1.643381491715506793e-01
1.702718657036474958e-01
1.762353863529650122e-01
1.822172663075043164e-01
1.882056271720702056e-01
1.941881927048978718e-01
2.001523277229035891e-01
2.058709656578437130e-01
2.115332184756255895e-01
2.171258541118396557e-01
2.226355210468371482e-01
2.280488006584260319e-01
2.333522611388545442e-01
2.385325126767847137e-01
2.435762635894965222e-01
2.487266642120696536e-01
2.534630958002562773e-01
2.582897219168849845e-01
2.632082601108761133e-01
2.676694170619079993e-01
2.724860903766466724e-01
2.768201431225041365e-01
2.815120099550889599e-01
2.856964529528837060e-01
2.902406243441302269e-01
2.942531675378278755e-01
2.986269972962067309e-01
3.027554811297948345e-01
3.069410407767505511e-01
3.108661180245350653e-01
3.148413880759997063e-01
3.188674927828539785e-01
3.229450822046295855e-01
3.267405532780616184e-01
3.305806313186315792e-01
3.344658405778694887e-01
3.380512324370503197e-01
3.416750588184582216e-01
3.453377317307541050e-01
3.490396675992308295e-01
3.527812873131582205e-01
3.561993619990073134e-01
3.596505541856371280e-01
3.631351847463342719e-01
3.666535776633053634e-01
3.702060600577993799e-01
3.734121237465322651e-01
3.770300892494308220e-01
3.802952504910204201e-01
3.835886887275702928e-01
3.869106488439069125e-01
3.898641652472955577e-01
3.932404723329827601e-01
3.966460189604207320e-01
3.996738511662254467e-01
4.027247965949752317e-01
4.057990316834865219e-01
4.088967342154215534e-01
4.120180833315698066e-01
4.151632595402077186e-01
4.183324447275375557e-01
4.210972244842522971e-01
4.243117071139030916e-01
4.271160041105887539e-01
4.299388348444157515e-01
4.332208106829227301e-01
4.360839883844366827e-01
4.389660889685737533e-01
4.418672374975983752e-01
4.447875598603175940e-01
4.472724065634478552e-01
4.502284519550719954e-01
4.532040339964629738e-01
4.557359001081750516e-01
4.587478811460023453e-01
4.613107184708403197e-01
4.638878733226327600e-01
4.669537311534381341e-01
4.695624112157478769e-01
4.721856649096906056e-01
4.748235736522028461e-01
4.774762193150642875e-01
4.801436842274389161e-01
4.828260511784301934e-01
4.855234034196504456e-01
4.882358246678049074e-01
4.904652119950551614e-01
4.932052411123459823e-01
4.959605776548731138e-01
4.982252378268131054e-01
5.010086190437226250e-01
5.032963296329633351e-01
