1.317259973800518902e-01
1.311299521430380755e-01
1.343183162148036125e-01
1.413877012787406462e-01
1.421775767048788774e-01
1.434088649392053771e-01
1.449461728328875487e-01
1.464999602905142084e-01
1.480704039689730300e-01
1.498106284407596245e-01
1.515713052185508614e-01
1.535095572034428368e-01
1.554725950193436290e-01
1.576219857338967967e-01
1.598010915274529764e-01
1.621764024727611053e-01
1.645870204490348376e-01
1.670334702660630499e-01
1.695162845344976021e-01
1.720360037818068899e-01
1.745931765699526850e-01
1.771883596148161599e-01
1.798221179073992704e-01
1.824950248368275574e-01
1.850179975304242497e-01
1.877681369094003350e-01
1.903640097698989508e-01
1.929957702736302683e-01
1.954637468755948404e-01
1.981660106572850910e-01
2.007001028651787533e-01
2.032666003442731295e-01
2.058659174842254469e-01
2.082853942865438845e-01
2.107333064319657223e-01
2.132099881120552431e-01
2.157157774460242428e-01
2.182510165268921609e-01
2.205906139475479755e-01
2.229552912792980846e-01
2.253453173726443215e-01
2.277609639600999270e-01
2.299677249571635829e-01
2.324329226213292243e-01
2.346849499185272026e-01
2.369587969600631672e-01
2.392546751560046259e-01
2.415727979647573354e-01
2.436648700816197166e-01
2.460257229788919142e-01
2.481563583791166483e-01
2.503054455377742848e-01
2.524731442510408375e-01
2.546596156989611726e-01
2.566035822310143155e-01
2.588258241555824735e-01
2.610673111706842686e-01
2.630601914086284632e-01
2.650682844728164400e-01
2.670917064916928929e-01
2.691305744801790745e-01
2.711850063464399940e-01
2.732551208987028524e-01
2.750610774679367876e-01
2.771607803493714162e-01
2.792765114970765516e-01
2.811222637337120189e-01
2.829802146379002958e-01
2.848504448312366710e-01
2.870248757078109336e-01
2.889218372656154887e-01
2.908313359359016581e-01
2.924560920025826571e-01
2.943889487367126190e-01
2.963345798163146694e-01
2.982930696676680538e-01
2.999595113976550320e-01
3.019419586005881451e-01
3.036287851849490127e-01
3.053250353815129547e-01
3.073429435970491119e-01
3.090599432819488568e-01
3.107865351438591772e-01
3.125227727703611680e-01
3.142687100484078400e-01
3.160244011659967267e-01
3.177899006138514837e-01
3.195652631871132021e-01
3.213505439870411595e-01
3.228178980691737698e-01
3.246213500136942987e-01
3.264348771087428602e-01
3.279254473238512602e-01
3.297574330630906325e-01
3.312631747665750748e-01
3.331138070278408247e-01
3.346348746398400964e-01
3.361628877660494119e-01
3.380408927256362550e-01
3.395844584458446169e-01
