1.316741162843036439e-01
1.310783058033791748e-01
1.344044772090578765e-01
1.414783970621661946e-01
1.422687791686587377e-01
1.436472120111903505e-01
1.451870749270836869e-01
1.467434447961335764e-01
1.484680739378357317e-01
1.503666426582684346e-01
1.522894897510851664e-01
1.543948744020218200e-01
1.565293657532018379e-01
1.586933662014028135e-01
1.612174782343651080e-01
1.636138425956139841e-01
1.662162177215575909e-01
1.686868842074238928e-01
1.713699490665466230e-01
1.740956896622690153e-01
1.766834779760597940e-01
1.794937333979468586e-01
1.821617591634724642e-01
1.848694429234625791e-01
1.876173741611767976e-01
1.904061511220554170e-01
1.930384942251252844e-01
1.959078516482563315e-01
1.986162551272644960e-01
2.011561049370760579e-01
2.039370649131646840e-01
2.065449557688317506e-01
2.091861956124229649e-01
2.116446945899833620e-01
2.143511484849959792e-01
2.168703495147123184e-01
2.194191579147319049e-01
2.217712775248438795e-01
2.243776849765921622e-01
2.267829587818542825e-01
2.292140165329614176e-01
2.316711346274955008e-01
2.341545924259525457e-01
2.364233008686313642e-01
2.387139906781693688e-01
2.412729461678281562e-01
2.436106238716469752e-01
2.457203439968726477e-01
2.481011122456950047e-01
2.502497209610168860e-01
2.526743740452898623e-01
2.548625881862831566e-01
2.570697527299239393e-01
2.592960317907536116e-01
2.615415909045808451e-01
2.635380915985089390e-01
2.658203878578949131e-01
2.678495511239857296e-01
2.698942041860008523e-01
2.719544652866573431e-01
2.740304535712883016e-01
2.761222890947332420e-01
2.782300928282808172e-01
2.803539866666646119e-01
2.822068599898301944e-01
2.843611108294472056e-01
2.862404674338105970e-01
2.884255091699465812e-01
2.903317275833727784e-01
2.922505442882958882e-01
2.941820425474458434e-01
2.961263061738397262e-01
2.980834195344192472e-01
3.000534675537112617e-01
3.020365357175130994e-01
3.037238906656556381e-01
3.057312168368063743e-01
3.074392124615930033e-01
3.094710933777092277e-01
3.111999821675288658e-01
3.129385295539395817e-01
3.150067557279107033e-01
3.167665700057202827e-01
3.185362156482103302e-01
3.203157475792058895e-01
3.221052210293690599e-01
3.239046915379130143e-01
3.257142149543258980e-01
3.275338474401042754e-01
3.290294357845796602e-01
3.308675890571192157e-01
3.327160113423545118e-01
3.342352625356985740e-01
3.361024986392499581e-01
3.376372132449086405e-01
3.395234546596846426e-01
3.410737900690896107e-01
3.429792302370733292e-01
3.445453454436352980e-01
3.461186118611861429e-01
