1.316610089474824219e-01
1.310652577757743520e-01
1.343910980818401046e-01
1.414643137703580078e-01
1.435670636931362654e-01
1.463009707217755029e-01
1.495487465302609842e-01
1.530266243565460982e-01
1.567473958747859775e-01
1.608915727486139313e-01
1.651453157295259544e-01
1.695115215886269511e-01
1.739931636835051199e-01
1.785932939830690291e-01
1.831251797444208573e-01
1.875777837009587612e-01
1.921386506610958944e-01
1.966069913741446407e-01
2.011792469874968403e-01
2.054331660831581752e-01
2.097770339580470600e-01
2.139920284579769072e-01
2.182917137283844899e-01
2.224485811539893831e-01
2.264515119202565596e-01
2.305264748596956570e-01
2.344337032471481286e-01
2.384071558445574335e-01
2.421991629411101854e-01
2.460514841577209899e-01
2.497088357930740965e-01
2.534205509330019201e-01
2.571874376459988842e-01
2.607430243415657101e-01
2.643477666135689019e-01
2.677281728362488344e-01
2.714294839814504479e-01
2.746195085760203547e-01
2.781312669977086260e-01
2.814000555214425381e-01
2.847072610794360026e-01
2.880533351749020587e-01
2.914387346174276971e-01
2.945628864433419425e-01
2.977205284113410566e-01
3.009120195275422627e-01
3.041377226465205030e-01
3.070844930342226387e-01
3.100598144863644934e-01
3.130639636323313546e-01
3.160972197817522034e-01
3.191598649504688301e-01
3.222521838867558608e-01
3.250429567477211568e-01
3.278578982987712109e-01
3.306972178459332556e-01
3.335611265078695098e-01
3.364498372315749553e-01
3.393635648082111156e-01
3.419541263716325274e-01
3.449155222699095691e-01
3.475484651880004217e-01
3.502015069069928099e-01
3.528748008528477254e-01
3.555685016227168038e-01
3.582827649938825632e-01
3.610177479327671968e-01
3.634037320319669639e-01
3.661778063222873025e-01
3.685978935018448532e-01
3.714116178797215451e-01
3.738662955779606945e-01
3.763371963621566230e-01
3.788244274514845911e-01
3.813280967737363580e-01
3.838483129700039909e-01
3.863851853993939822e-01
3.889388241437722327e-01
3.911116667367542377e-01
3.936965430293712931e-01
3.958959650574682687e-01
3.985124610136183132e-01
4.007387876114597569e-01
4.029775517880600511e-01
4.056408503001316945e-01
4.079070003018083201e-01
4.101858103593603033e-01
4.124773511993567454e-01
4.147816939434872396e-01
4.170989101107693275e-01
4.194290716197680013e-01
4.217722507908281959e-01
4.236981514793707881e-01
4.260651802585850856e-01
4.284454326622643139e-01
4.304018045009047611e-01
4.328062838556583913e-01
4.347825682568257633e-01
4.372115211521152567e-01
4.392079207920792094e-01
