1.316787835322455469e-01
1.310829519325520942e-01
1.344092412358638688e-01
1.414834118272251529e-01
1.438814357565001423e-01
1.469237972139609549e-01
1.503406297073088538e-01
1.543154208504258773e-01
1.585596955287199017e-01
1.629207042796395610e-01
1.677498671210017334e-01
1.725427204673160575e-01
1.774725124806679488e-01
1.823536973075882694e-01
1.871748681539786296e-01
1.921235038594492905e-01
1.969987248274001068e-01
2.017886576090285600e-01
2.064814170883082778e-01
2.110651553096800914e-01
2.155281111465531807e-01
2.200854358278366840e-01
2.245075543220590719e-01
2.287827882437864224e-01
2.331394342371060635e-01
2.373347453930437223e-01
2.416055505800651093e-01
2.457005599119306549e-01
2.496085729223307959e-01
2.535787451955952010e-01
2.576120654116359487e-01
2.614412555177033082e-01
2.653273633649679830e-01
2.689954835958200952e-01
2.727143151662692611e-01
2.764845591547430148e-01
2.800201673280773296e-01
2.836009878821448282e-01
2.872275989803819707e-01
2.906032938074381011e-01
2.943194484597070892e-01
2.977784915432908353e-01
3.009706040100642022e-01
3.045078160142704049e-01
3.077720651905336280e-01
3.110713063181503868e-01
3.140852557419366309e-01
3.174521727253876713e-01
3.205279459440426026e-01
3.236335201270802431e-01
3.267691840140840576e-01
3.299352291422164574e-01
3.331319498733241180e-01
3.360169438355485316e-01
3.392725899002479450e-01
3.422107631189459376e-01
3.451743815463642062e-01
3.481636655434544592e-01
3.508214034483663202e-01
3.538595918633546944e-01
3.565608101218535886e-01
3.596487030266276586e-01
3.623941129733957989e-01
3.651604802480019063e-01
3.679479648300477135e-01
3.707567279203534683e-01
3.735869319502798103e-01
3.760559864064840219e-01
3.789266427912663104e-01
3.818192125835660478e-01
3.843426745884396256e-01
3.868828142781446378e-01
3.894397418763224650e-01
3.920135683350882139e-01
3.946044053398447549e-01
3.972123653141294564e-01
3.998375614244923382e-01
4.024801075854066434e-01
4.051401184642120512e-01
4.074034710813306259e-01
4.100960207122697487e-01
4.123870599341259435e-01
4.151125463495522472e-01
4.174316108542983628e-01
4.197636310266687487e-01
4.221086792446948621e-01
4.248984163215535070e-01
4.272721504909476331e-01
4.296591457450870122e-01
4.320594761682439167e-01
4.340323504886468564e-01
4.364571122232202560e-01
4.388954201127355237e-01
4.413473498340356738e-01
4.433626345364741761e-01
4.458395207629349266e-01
4.483302443426161465e-01
4.503774144081075237e-01
4.528934893489349189e-01
4.549614961496149523e-01
