1.317174896362280079e-01
1.311214828957925627e-01
1.343096410417327080e-01
1.413785695176133783e-01
1.470990896715052565e-01
1.548411470226371267e-01
1.629906810764601699e-01
1.715691379752212198e-01
1.805990926054960310e-01
1.894998427974998179e-01
1.984186614167369744e-01
2.071001315788820185e-01
2.157066073257161432e-01
2.241989934409018559e-01
2.322940905353143570e-01
2.401787463498289421e-01
2.478134016532888562e-01
2.554245368420156037e-01
2.629956229574575421e-01
2.702290261835837981e-01
2.770862101727063487e-01
2.841173983127698310e-01
2.910255813033027494e-01
2.974861388645015370e-01
3.040901161340800463e-01
3.105200773313452345e-01
3.167592751757153935e-01
3.231238355733727086e-01
3.292769914746670468e-01
3.352022843803808549e-01
3.408836790308957809e-01
3.466613685059957151e-01
3.525369849213516038e-01
3.581442945840309089e-01
3.638407918298518506e-01
3.692489840200444129e-01
3.747375645103475095e-01
3.799182681671726680e-01
3.851705944551980787e-01
3.904955335490487567e-01
3.954890825714151292e-01
4.005464877193872786e-01
4.056685655674612812e-01
4.104362594908397277e-01
4.152599866080034507e-01
4.201404054592983162e-01
4.250781823246860824e-01
4.296349162852876047e-01
4.342404973174423533e-01
4.388954490497885552e-01
4.436003007241354767e-01
4.483555872556346245e-01
4.526996750464847286e-01
4.570858524181742322e-01
4.615145271738832489e-01
4.659861110679698326e-01
4.705010198442530212e-01
4.745756593436683546e-01
4.786855860929513096e-01
4.828311056872356399e-01
4.870125263681745476e-01
4.912301590468597379e-01
4.954843173269395384e-01
4.997753175279369686e-01
5.035903962876921991e-01
5.079515968668519843e-01
5.118290899727059307e-01
5.157361822625738945e-01
5.196730996844255435e-01
5.236400699110241863e-01
5.271008329556827743e-01
5.311245034362604978e-01
5.351788889586747144e-01
5.387159126274406740e-01
5.428282478383371634e-01
5.464158264971569201e-01
5.500271156402494199e-01
5.536622719713745200e-01
5.573214532299550772e-01
5.610048181979211401e-01
5.647125267066007703e-01
5.684447396436551614e-01
5.716204085802117918e-01
5.753982760492218906e-01
5.792011116306350349e-01
5.824368720308061853e-01
5.856907093047212243e-01
5.895615680850778695e-01
5.928552081302458365e-01
5.961672483991299343e-01
5.994977916862759271e-01
6.028469413605008764e-01
6.062148013681014636e-01
6.096014762360796313e-01
6.130070710753873220e-01
6.164316915841883127e-01
6.198754440511391461e-01
6.233384353586873816e-01
6.261847295840694549e-01
6.296829682968296815e-01
