1.316548415991163901e-01
1.310591183339619992e-01
1.343848028489097735e-01
1.414576872093787074e-01
1.448971653774287771e-01
1.493474166826178895e-01
1.545780894049051113e-01
1.603271959254647105e-01
1.664645243484111914e-01
1.728367898321207241e-01
1.792649784534306179e-01
1.857376542845591838e-01
1.920420655265938359e-01
1.983533071166697359e-01
2.046584409020354711e-01
2.107247597431254338e-01
2.165205107895113168e-01
2.224756675470848377e-01
2.281210884221791524e-01
2.339097644101059970e-01
2.393495263731317269e-01
2.446629128646364559e-01
2.500942526959112899e-01
2.553824756771038706e-01
2.605138082641245134e-01
2.654746991060044081e-01
2.705300587904728715e-01
2.753982089486562423e-01
2.800659752020232540e-01
2.848128561376507828e-01
2.893429733979213103e-01
2.939451448578164205e-01
2.986205165820813301e-01
3.030592633687960169e-01
3.072490227702079357e-01
3.118160251588989462e-01
3.161268457832154821e-01
3.201693885681671237e-01
3.242636262736423580e-01
3.284102199600060779e-01
3.326098391410803323e-01
3.365188970359422882e-01
3.404738968478108196e-01
3.444753785174580751e-01
3.485238883314087932e-01
3.522599790179629653e-01
3.560361196812489304e-01
3.598527396472041007e-01
3.637102728440347876e-01
3.672342377517536227e-01
3.707923461236471985e-01
3.743849287734938858e-01
3.780123197203048568e-01
3.816748562193797434e-01
3.853728787936624434e-01
3.887102903777134855e-01
3.920766046601491528e-01
3.954720719445212751e-01
3.988969447020642156e-01
4.023514775904671881e-01
4.058359274728094990e-01
4.089339116519912221e-01
4.124753668216722957e-01
4.156240337439751076e-01
4.187967362916390490e-01
4.219936579427203127e-01
4.252149835758708418e-01
4.284608994810301108e-01
4.317315933701982855e-01
4.345849287610537015e-01
4.379023709653365737e-01
4.407964893296219544e-01
4.441613480267946334e-01
4.470968322791323279e-01
4.500517172916533304e-01
4.530261312849382938e-01
4.560202033269841748e-01
4.590340633388045877e-01
4.620678421000676273e-01
4.646492266928053949e-01
4.677201163455794175e-01
4.708113016595054101e-01
4.734415323950333931e-01
4.765705308297743525e-01
4.792329360299406593e-01
4.819102150021749575e-01
4.850951833778883171e-01
4.878052123353066594e-01
4.905303811193028607e-01
4.932707743099135067e-01
4.960264769596894885e-01
4.987975745963357799e-01
5.015841532253655366e-01
5.038744918245681159e-01
5.066894331196774015e-01
5.095201003438096787e-01
5.118466761444663282e-01
5.147061547821449867e-01
5.175816081608161090e-01
5.199449944994499750e-01
