1.316974699746153721e-01
1.311015538208840925e-01
1.344283151555414335e-01
1.415034896374120499e-01
1.449440814702927238e-01
1.493957737174282097e-01
1.546281400734489386e-01
1.603791080908480715e-01
1.665184237125743039e-01
1.730742671658252740e-01
1.795112881028465557e-01
1.859928573750058711e-01
1.923059308629303521e-01
1.986258440837778139e-01
2.049396411078061864e-01
2.110142950563995423e-01
2.170432749151537943e-01
2.227815885598779244e-01
2.286716150070286502e-01
2.342316594484825376e-01
2.399268937961694104e-01
2.452530974271633357e-01
2.506975389291602463e-01
2.557347383203180669e-01
2.608731488275269350e-01
2.661148040589919606e-01
2.709035023325471192e-01
2.757783725544695752e-01
2.807409653767865554e-01
2.854992868238507286e-01
2.900403221709720314e-01
2.946535853763594948e-01
2.993402252669019048e-01
3.037896699274555412e-01
3.079895271153926806e-01
3.125675364881996821e-01
3.165645638090206493e-01
3.209410324331084530e-01
3.250451377071891246e-01
3.292017251459000149e-01
3.334114658766659800e-01
3.373299450361771923e-01
3.412944768378287086e-01
3.453056025237102311e-01
3.493638696969577073e-01
3.531089647779358520e-01
3.568942063605476944e-01
3.607200248054540093e-01
3.642150173966338667e-01
3.681193131420801845e-01
3.716859969512079642e-01
3.752872381251360356e-01
3.789233714878986747e-01
3.825947351076182668e-01
3.863016703279368858e-01
3.896471254453973132e-01
3.930215529199626023e-01
3.964252036584442473e-01
3.998583307405601528e-01
4.033211894377529694e-01
4.068140372321705778e-01
4.099194878980649825e-01
4.134694783689091824e-01
4.166257339289771711e-01
4.198060830429388712e-01
4.230107096310529169e-01
4.262397990175494367e-01
4.294935379413475363e-01
4.327721145668539937e-01
4.356323268136099713e-01
4.389577644228742082e-01
4.418588579345658074e-01
4.452318263157456490e-01
4.481743854118842574e-01
4.511363920261977078e-01
4.541179746882925694e-01
4.571192627772340256e-01
4.601403865271598281e-01
4.631814770329315545e-01
4.657690830498752987e-01
4.688473738885373665e-01
4.719460093031540016e-01
4.745825791875291633e-01
4.777191188567909697e-01
4.803879407498455878e-01
4.830716722624145421e-01
4.862643167664366106e-01
4.889808771952993682e-01
4.917126139394071282e-01
4.944596117826440818e-01
4.972219559825470925e-01
4.999997322729524130e-01
5.027930268666560565e-01
5.050888854368233982e-01
5.079106110537888741e-01
5.107481005010167108e-01
5.130802836083272478e-01
5.159466539078151337e-01
5.188290374491996149e-01
5.211981198119812753e-01
