1.316213218419555464e-01
1.311576332395933409e-01
1.343466703644049798e-01
1.414175477520052682e-01
1.466771841534680043e-01
1.532563718331750313e-01
1.609801677611069348e-01
1.692728264296291807e-01
1.778038176820508076e-01
1.863692742247012313e-01
1.949345815979442176e-01
2.032493267845864038e-01
2.114732879839627266e-01
2.193384547974050469e-01
2.272580536362438508e-01
2.347266281688903666e-01
2.421879748694126810e-01
2.493667135940910440e-01
2.564914768396365230e-01
2.635459907329944507e-01
2.702335896692537598e-01
2.768041942809738032e-01
2.832415011247174097e-01
2.898285127787805782e-01
2.959569135131436823e-01
3.022148987911420503e-01
3.082872228781356472e-01
3.141578493560003293e-01
3.198110754369566378e-01
3.255660305219404416e-01
3.314245452099959244e-01
3.370419103830467611e-01
3.424027617026334513e-01
3.478488805393608052e-01
3.530193662060145399e-01
3.582667068620752904e-01
3.635920448933414040e-01
3.686186630255073871e-01
3.737147735742471499e-01
3.784937348731505224e-01
3.837263671525028008e-01
3.882361813806620709e-01
3.932008384315656135e-01
3.978220031142054025e-01
4.024974788789610347e-01
4.072279040267464678e-01
4.120139243602238266e-01
4.164306126764896199e-01
4.208946468093157089e-01
4.254065342942547900e-01
4.299667881075163178e-01
4.341327080330862898e-01
4.383389912827694301e-01
4.425860289341577714e-01
4.468742158539686371e-01
4.512039507347566647e-01
4.555756361319827641e-01
4.595210186150412435e-01
4.635005689545500518e-01
4.675145830514565448e-01
4.715633593692735159e-01
4.756471989562718328e-01
4.797664054678645873e-01
4.834287444409017809e-01
4.876153408013171320e-01
4.913375953112508188e-01
4.950882639777489103e-01
4.988675637027699117e-01
5.026757130440123733e-01
5.065129322275544466e-01
5.103794431605892523e-01
5.137525660691238949e-01
5.176743413826286888e-01
5.210956766332509593e-01
5.245396236572633653e-01
5.285437429218226013e-01
5.320369145832276603e-01
5.355531727884039750e-01
5.390926701174579838e-01
5.426555601589053701e-01
5.462419975163358421e-01
5.492936287873768642e-01
5.529239374677203944e-01
5.565782390371563082e-01
5.596876146742354452e-01
5.633866177198708636e-01
5.665340289920489658e-01
5.696990235674235237e-01
5.728816996767387426e-01
5.766679030808046225e-01
5.798895114779040183e-01
5.831291176872778204e-01
5.863868222553630938e-01
5.896627262903092470e-01
5.929569314651155221e-01
5.956644973622163830e-01
5.989922319843516973e-01
6.023385573027000284e-01
6.050889616739452137e-01
6.084693469346934558e-01
