1.317281722108210040e-01
1.311321171329439816e-01
1.343205338454366571e-01
1.413900356267754344e-01
1.439343293270001767e-01
1.471295674070523252e-01
1.508630468492820342e-01
1.548516499541619795e-01
1.592759828099951647e-01
1.639971117856424687e-01
1.688581806217223646e-01
1.738633373016174044e-01
1.790168527598556825e-01
1.839405129551189566e-01
1.889995929689338716e-01
1.939964717877081524e-01
1.989192201655422820e-01
2.039668855141241466e-01
2.087103014563130854e-01
2.133435192996901986e-01
2.180795912304525352e-01
2.226908667541495634e-01
2.271653354833673977e-01
2.317297085301738557e-01
2.361424718938467671e-01
2.403918222878234645e-01
2.444662599537187619e-01
2.488653957369476866e-01
2.528237473366631294e-01
2.568450588643370613e-01
2.609303317349345730e-01
2.648088451231012108e-01
2.687450094022247327e-01
2.727396815050768253e-01
2.765102761802622489e-01
2.800462132158154649e-01
2.839178198501355332e-01
2.875484825080656393e-01
2.912255730772224660e-01
2.946482548251918576e-01
2.981111622656514859e-01
3.016147681584006035e-01
3.051595508194344109e-01
3.087459941862443769e-01
3.120556755940601668e-01
3.154008359756197977e-01
3.187818556568285389e-01
3.218705120859360336e-01
3.249890943040047997e-01
3.284728977651503179e-01
3.316554500637418079e-01
3.348688379021972361e-01
3.377688736863732055e-01
3.410414940841504094e-01
3.439949863915526262e-01
3.469740565742609473e-01
3.499789261421480391e-01
3.530098185234096242e-01
3.560669590811773033e-01
3.587850274711099630e-01
3.618921825740181730e-01
3.646547183188579844e-01
3.678127062003763714e-01
3.706204367820586376e-01
3.734496004216162901e-01
3.763003607301781961e-01
3.787873483709979228e-01
3.816788548471124476e-01
3.845924338917468543e-01
3.871342242530039779e-01
3.900894473389047712e-01
3.926675677331121217e-01
3.952627270521413272e-01
3.978750379070868370e-01
4.005046136532953160e-01
4.031515683952845985e-01
4.058160169916946725e-01
4.084980750602721922e-01
4.107801872114468233e-01
4.134950537258082481e-01
4.162278629268429953e-01
4.185531582504566361e-01
4.213193967137286444e-01
4.236731363601740630e-01
4.260400253901191481e-01
4.284201372638068994e-01
4.308135458518728145e-01
4.336608138214073094e-01
4.360834999321414607e-01
4.380747487902790782e-01
4.405220937555878735e-01
4.429831110391386217e-01
4.454578770225974815e-01
4.479464685143437763e-01
4.499918861787928770e-01
4.525058073306297279e-01
4.550337727347114614e-01
4.571115525188881867e-01
4.596652483430160863e-01
4.617641764176417252e-01
