1.317098858858096744e-01
1.311139135514847454e-01
1.343018876523227045e-01
1.413704080550765296e-01
1.442109263003872044e-01
1.477173482021555406e-01
1.517801502025261651e-01
1.562790938122734508e-01
1.612467982013035261e-01
1.663724129435023291e-01
1.716609575967350809e-01
1.771176112775067479e-01
1.825574546223130423e-01
1.879686740260945732e-01
1.935402883888024950e-01
1.988633995899475870e-01
2.039096484661295783e-01
2.090839481941670630e-01
2.141677275863687335e-01
2.191483724139587086e-01
2.242448461910274971e-01
2.289864855380270847e-01
2.338283864699812198e-01
2.385266384392389916e-01
2.430688338186789699e-01
2.474428231161873715e-01
2.518955217326740437e-01
2.564283460312055118e-01
2.607745891842767616e-01
2.649223635632981244e-01
2.691361107518370210e-01
2.731365962525050262e-01
2.771965456586160670e-01
2.813168428519015052e-01
2.852060157945545682e-01
2.891489561050784030e-01
2.931464071111393732e-01
2.968950823938905637e-01
3.006916947007177709e-01
3.042256287723154040e-01
3.081159820814242667e-01
3.117371714467144228e-01
3.154009195015301525e-01
3.187819400781162771e-01
3.221992043668556183e-01
3.259859093747440872e-01
3.291443654064218904e-01
3.326727123556484367e-01
3.362388823196446608e-01
3.394966787317167389e-01
3.427860397189184671e-01
3.461072711083419962e-01
3.494606816902178226e-01
3.524870859636430320e-01
3.555396995456002185e-01
3.589845003061133966e-01
3.620933828864515980e-01
3.652291890551065401e-01
3.683921519761136354e-01
3.712043058079923519e-01
3.744190145185047891e-01
3.772771749346766068e-01
3.805444759911663644e-01
3.834493956552210703e-01
3.863764902785433719e-01
3.893259291356314655e-01
3.922978827931554169e-01
3.948905988461859362e-01
3.979050308984469209e-01
4.005348048698143537e-01
4.035923224642403717e-01
4.062596840260274123e-01
4.089446743119137251e-01
4.120663893829970559e-01
4.147897564709375207e-01
4.175311224262614473e-01
4.198636985292014123e-01
4.226385984178031574e-01
4.254318377566091991e-01
4.282435377519503428e-01
4.306359597505645675e-01
4.334820540447981152e-01
4.359037414975623359e-01
4.387846508211354357e-01
4.412359617195774630e-01
4.437009670923125482e-01
4.461797434447836164e-01
4.486723677098382601e-01
4.511789172501167178e-01
4.536994698604525644e-01
4.562341037702874469e-01
4.587828976460991415e-01
4.613459305938426569e-01
4.639232821614059366e-01
4.660416533128279304e-01
4.686452379682068958e-01
4.712633677892583139e-01
4.734152553134101660e-01
4.760600332760548947e-01
4.782338233823382190e-01
