1.316455921604929580e-01
1.311818180562536740e-01
1.343714432236845502e-01
1.414436244459837677e-01
1.456361811768319692e-01
1.510527180356874277e-01
1.571646777249927074e-01
1.640411501821220641e-01
1.712184909649982489e-01
1.787098640541363026e-01
1.859408990158643582e-01
1.932614068511346594e-01
2.004492328785995869e-01
2.074696712491516937e-01
2.142879233559313590e-01
2.210995769904867680e-01
2.276532305986291027e-01
2.341576086157327874e-01
2.403484007564286873e-01
2.467028685835815638e-01
2.527013346070830502e-01
2.585781098305036108e-01
2.643183569769732011e-01
2.701860334612322667e-01
2.756148100222771680e-01
2.811526655559550836e-01
2.868017917572339703e-01
2.919627494495234954e-01
2.972165778457874774e-01
3.022541469618177934e-01
3.073770986052384302e-01
3.122661135137876354e-01
3.172328911017442410e-01
3.222786682306073014e-01
3.270690738578178047e-01
3.315907661231332626e-01
3.361749702630844050e-01
3.408225504971362785e-01
3.455343829924883980e-01
3.499529812404741924e-01
3.544280833023728539e-01
3.585935640974441951e-01
3.631791595462606215e-01
3.674474889635135355e-01
3.713864360121270636e-01
3.757512229453303654e-01
3.797791839876233366e-01
3.838503237853467254e-01
3.879651052041788728e-01
3.921239960716050299e-01
3.959232596745426158e-01
3.997593340926030026e-01
4.036325759833523374e-01
4.075433454599886041e-01
4.114920061248228400e-01
4.154789251030847619e-01
4.190770614896117130e-01
4.227063585070968688e-01
4.263670860132713902e-01
4.300595162028921781e-01
4.337839236279809052e-01
4.375405852182384647e-01
4.408805896855533257e-01
4.446987099222595718e-01
4.480933565628875681e-01
4.515139165366500729e-01
4.549605876552504369e-01
4.584335692404050144e-01
4.619330621353699429e-01
4.649860005226398307e-01
4.685355119770110988e-01
4.721121189386677242e-01
4.752323312143172940e-01
4.783731651267656981e-01
4.815347569654275794e-01
4.852105948048583417e-01
4.884173755534415573e-01
4.916453500741302940e-01
4.943919721415835355e-01
4.976594330657526655e-01
5.009484888003000735e-01
5.042592820663924780e-01
5.070763730276572900e-01
5.104276657827968577e-01
5.132792169882872679e-01
5.161466986474397833e-01
5.195579376318916198e-01
5.224604959426842887e-01
5.253792696630344983e-01
5.283143493818223124e-01
5.312658261940111926e-01
5.342337917034749584e-01
5.372183380258408469e-01
5.402195577913482261e-01
5.432375441477245159e-01
5.462723907630748776e-01
5.487667852414450653e-01
5.518325214718441396e-01
5.543523046749119221e-01
5.574492449244924375e-01
