2.340819450551710711e-07
2.099125804529053605e-07
1.873167699688676169e-07
1.657618967402671364e-07
1.447300251568607719e-07
1.238467562919153986e-07
1.037874812019443536e-07
9.351387732908987921e-08
2.566471354692760474e-07
-7.541830512345427322e-07
5.059717763403888369e-06
5.450153889860782676e-07
3.265009280127508602e-07
2.484929517680769643e-07
2.071478082655918804e-07
1.806834096409445426e-07
1.617739485321621074e-07
1.472745276398118209e-07
1.356097203385346885e-07
1.259001409733735104e-07
1.176136081510512574e-07
1.104071091685822831e-07
1.040480694747315054e-07
9.837209270806339346e-08
9.325886458629886622e-08
8.861770791411492827e-08
8.437854870430328219e-08
8.048605725558396487e-08
7.689572629754950681e-08
7.357117178496793392e-08
7.048222881072305552e-08
6.760357849937225002e-08
6.491373800576088017e-08
6.239430418672170349e-08
6.002937796411541854e-08
5.780511968863156772e-08
5.570940102720130988e-08
5.373152903515264790e-08
5.186202495559674237e-08
5.009244503882837649e-08
4.841523400530716656e-08
4.682360414530090769e-08
4.531143475680116172e-08
4.387318787082632962e-08
4.250383713488922819e-08
4.119880741387791884e-08
3.995392318724153013e-08
3.876536421742865282e-08
3.762962726917775031e-08
3.654349289564828057e-08
3.550399649231052111e-08
3.450840296531883795e-08
3.355418447689767745e-08
3.263900082289410833e-08
3.176068207222542096e-08
3.091721315837075922e-08
3.010672016230462477e-08
2.932745806663821831e-08
2.857779979400573833e-08
2.785622637029353955e-08
2.716131807625450465e-08
2.649174647023901781e-08
2.584626718089470313e-08
2.522371338228712432e-08
2.462298987541366097e-08
2.404306770987870939e-08
2.348297928785846522e-08
2.294181389964397134e-08
2.241871364620405095e-08
2.191286970951444869e-08
2.142351893598647696e-08
2.094994070230669400e-08
2.049145403645923002e-08
2.004741496971991950e-08
1.961721409804892246e-08
1.920027433362173501e-08
1.879604882926886023e-08
1.840401906038425419e-08
1.802369305044065439e-08
1.765460372764624153e-08
1.729630740151424697e-08
1.694838234921532910e-08
1.661042750255993883e-08
1.628206122732827674e-08
1.596292018744296795e-08
1.565265828717452477e-08
1.535094568519228633e-08
1.505746787483176827e-08
1.477192482545140351e-08
1.449403018020267312e-08
1.422351050594458970e-08
1.396010459140043268e-08
1.370356278998614928e-08
1.345364640403956532e-08
1.321012710745146099e-08
1.297278640394572878e-08
1.274141511847950080e-08
1.251581291943735568e-08
1.229578786947874595e-08
1.208115600306635775e-08
1.187174092885653530e-08
1.166737345527337264e-08
1.146789123771606823e-08
1.127313844596658434e-08
1.108296545047154634e-08
1.089722852627109573e-08
1.071578957343727564e-08
1.053851585296742570e-08
1.036527973715404176e-08
1.019595847352264089e-08
1.003043396149329213e-08
9.868592540980912834e-09
9.710324792203946706e-09
9.555525346021583598e-09
9.404092704165885849e-09
9.255929068778555018e-09
9.110940180701382105e-09
8.969035166006493669e-09
8.830126390286255193e-09
8.694129320254418746e-09
8.560962392239121125e-09
8.430546887175508264e-09
8.302806811730907950e-09
8.177668785218792803e-09
8.055061931979424399e-09
7.934917778925332088e-09
7.817170157968437894e-09
7.701755113063226430e-09
7.588610811616495387e-09
7.477677460029405885e-09
7.368897223151918456e-09
7.262214147442405903e-09
7.157574087638085382e-09
7.054924636752972262e-09
6.954215059231121060e-09
6.855396227092697633e-09
6.758420558919971706e-09
6.663241961539133190e-09
6.569815774261876818e-09
6.478098715558628939e-09
6.388048832042371012e-09
6.299625449648746735e-09
6.212789126904710889e-09
6.127501610183611888e-09
6.043725790850455652e-09
5.961425664206259180e-09
5.880566290145255301e-09
5.801113755443490317e-09
5.723035137601595584e-09
5.646298470168696290e-09
5.570872709478224904e-09
5.496727702730061214e-09
5.423834157356861189e-09
5.352163611615584245e-09
5.281688406348415670e-09
5.212381657859953575e-09
5.144217231860374394e-09
5.077169718426784933e-09
5.011214407937394233e-09
4.946327267935358698e-09
4.882484920881369085e-09
4.819664622756045638e-09
4.757844242475072922e-09
4.697002242081909236e-09
4.637117657684567328e-09
4.578170081104543852e-09
4.520139642207599590e-09
4.463006991887468900e-09
4.406753285674983061e-09
4.351360167946394146e-09
4.296809756705887978e-09
4.243084628918525394e-09
4.190167806370828795e-09
4.138042742037427033e-09
4.086693306933050179e-09
4.036103777430189756e-09
3.986258823023582913e-09
3.937143494523598841e-09
3.888743212661340281e-09
3.841043757089081944e-09
3.794031255760400548e-09
3.747692174675063377e-09
3.702013307974331232e-09
3.656981768373049210e-09
3.612584977915436411e-09
3.568810659042088297e-09
3.525646825956212042e-09
3.483081776277664910e-09
3.441104082973850803e-09
3.399702586556970627e-09
3.358866387537580355e-09
3.318584839124892111e-09
3.278847540164521577e-09
3.239644328304933886e-09
3.200965273384083342e-09
3.162800671028154238e-09
3.125141036454634727e-09
3.087977098472247688e-09
3.051299793670612825e-09
3.015100260792766570e-09
